20 0.1078125 0.3421875 0.08671875 0.09609375
20 0.20546875 0.3421875 0.0796875 0.0953125
20 0.3109375 0.34375 0.08671875 0.0921875
20 0.41484375 0.34375 0.0828125 0.09140625
20 0.5890625 0.35234375 0.0734375 0.06875
20 0.928125 0.353125 0.06953125 0.07109375
20 0.84375 0.353125 0.06484375 0.07421875
20 0.671875 0.3546875 0.06875 0.07109375
20 0.5046875 0.3546875 0.07578125 0.0734375
20 0.75703125 0.35546875 0.06484375 0.07421875
20 0.6765625 0.44140625 0.06015625 0.03828125
20 0.54453125 0.4421875 0.05546875 0.03828125
20 0.8765625 0.4421875 0.05078125 0.040625
20 0.74375 0.4421875 0.05625 0.03828125
20 0.3484375 0.4421875 0.05390625 0.03984375
20 0.415625 0.4421875 0.05390625 0.03515625
20 0.4796875 0.4421875 0.05546875 0.03828125
20 0.61328125 0.4421875 0.05390625 0.03984375
20 0.94140625 0.4421875 0.05859375 0.040625
20 0.8078125 0.44375 0.06015625 0.03828125
20 0.071875 0.48203125 0.04921875 0.07421875
20 0.2328125 0.4828125 0.0484375 0.07578125
20 0.1234375 0.4828125 0.04921875 0.0765625
20 0.0203125 0.4828125 0.040625 0.07578125
20 0.18046875 0.484375 0.05390625 0.0796875
20 0.28828125 0.484375 0.0484375 0.0765625
20 0.3484375 0.49140625 0.06015625 0.05078125
20 0.67890625 0.49296875 0.06015625 0.05078125
20 0.4796875 0.49375 0.0578125 0.05390625
20 0.5484375 0.49375 0.0625 0.05390625
20 0.74375 0.49375 0.06015625 0.04921875
20 0.94453125 0.49375 0.0609375 0.053125
20 0.87734375 0.49375 0.05625 0.04921875
20 0.4125 0.49375 0.053125 0.0515625
20 0.61328125 0.4953125 0.0578125 0.0515625
20 0.8109375 0.4953125 0.06015625 0.04921875
20 0.05390625 0.625 0.0984375 0.078125
20 0.7671875 0.62890625 0.0734375 0.0609375
20 0.85234375 0.62890625 0.07578125 0.0640625
20 0.59375 0.6296875 0.07578125 0.0625
20 0.68046875 0.6296875 0.08203125 0.06015625
20 0.9421875 0.6296875 0.08046875 0.06015625
20 0.50703125 0.63359375 0.0796875 0.05625
20 0.42421875 0.634375 0.0796875 0.05546875
20 0.33203125 0.634375 0.084375 0.05546875
20 0.240625 0.6359375 0.08046875 0.05390625
20 0.14765625 0.6359375 0.078125 0.05546875
20 0.1703125 0.103125 0.1109375 0.0765625
20 0.2875 0.10703125 0.103125 0.06953125
20 0.50859375 0.109375 0.1109375 0.0734375
20 0.39765625 0.11640625 0.10078125 0.0609375
20 0.15859375 0.18359375 0.1109375 0.0796875
20 0.2765625 0.18359375 0.115625 0.078125
20 0.396875 0.18515625 0.11171875 0.07421875
20 0.51171875 0.1859375 0.1078125 0.07578125