24 0.11796875 0.6078125 0.03359375 0.1921875
24 0.084375 0.6078125 0.03359375 0.18984375
24 0.75625 0.525 0.06953125 0.06953125
24 0.57421875 0.59140625 0.02421875 0.196875
24 0.6359375 0.5953125 0.0359375 0.19453125
24 0.046875 0.865625 0.09140625 0.0984375
24 0.2328125 0.7953125 0.06953125 0.07421875
24 0.7359375 0.33046875 0.03359375 0.19921875
24 0.2359375 0.87109375 0.0671875 0.07421875
24 0.30546875 0.796875 0.071875 0.071875
24 0.30546875 0.87734375 0.071875 0.084375
24 0.7609375 0.6671875 0.06953125 0.06953125
24 0.828125 0.59609375 0.06953125 0.06953125
24 0.82578125 0.665625 0.06484375 0.06015625
24 0.90390625 0.52265625 0.071875 0.0671875
24 0.90234375 0.59609375 0.07421875 0.07421875
24 0.89921875 0.66328125 0.07421875 0.0578125
24 0.1359375 0.10546875 0.0359375 0.20703125
24 0.175 0.103125 0.040625 0.20625
24 0.21875 0.1046875 0.03828125 0.20703125
24 0.25625 0.1046875 0.03828125 0.209375
24 0.7015625 0.328125 0.03828125 0.2046875
24 0.6625 0.3265625 0.03359375 0.2046875
24 0.75859375 0.59765625 0.071875 0.07421875
24 0.6296875 0.3265625 0.03359375 0.2046875
24 0.5953125 0.32578125 0.03359375 0.2046875
24 0.55859375 0.32421875 0.0359375 0.2046875
24 0.53515625 0.10234375 0.03828125 0.196875
24 0.49609375 0.1 0.0359375 0.19921875
24 0.390625 0.10234375 0.03125 0.2015625
24 0.23203125 0.5984375 0.03828125 0.209375
24 0.196875 0.60234375 0.03359375 0.2046875
24 0.1625 0.603125 0.0359375 0.2046875
24 0.68984375 0.6671875 0.06953125 0.0578125
24 0.6890625 0.60234375 0.06484375 0.07421875
24 0.6890625 0.521875 0.06484375 0.08203125
24 0.45078125 0.875 0.071875 0.071875
24 0.44921875 0.7984375 0.071875 0.0765625
24 0.353125 0.10078125 0.040625 0.2015625
24 0.4484375 0.59375 0.0359375 0.209375
24 0.4125 0.59609375 0.0359375 0.209375
24 0.375 0.59609375 0.0359375 0.209375
24 0.3390625 0.59765625 0.03359375 0.20703125
24 0.303125 0.59765625 0.03359375 0.20703125
24 0.26796875 0.5984375 0.0359375 0.209375
24 0.37890625 0.8765625 0.071875 0.06953125
24 0.37734375 0.8015625 0.071875 0.0796875
24 0.5515625 0.59375 0.02421875 0.196875
24 0.52265625 0.59765625 0.03359375 0.196875
24 0.48828125 0.5984375 0.0359375 0.196875
24 0.13125 0.78828125 0.06953125 0.06953125
24 0.0640625 0.7875 0.06484375 0.0671875
24 0.8390625 0.34609375 0.03125 0.16796875
24 0.84375 0.1046875 0.03359375 0.20703125
24 0.87890625 0.10234375 0.0359375 0.2046875
24 0.02734375 0.34765625 0.0359375 0.18046875
24 0.0625 0.35 0.03359375 0.18046875
24 0.0984375 0.35 0.03359375 0.18046875
24 0.134375 0.34765625 0.03359375 0.18046875
24 0.1671875 0.34609375 0.03359375 0.18046875
24 0.19609375 0.34609375 0.02421875 0.18046875
24 0.225 0.3328125 0.0359375 0.2046875
24 0.26171875 0.33203125 0.0359375 0.20703125
24 0.29921875 0.3296875 0.0359375 0.20703125
24 0.87109375 0.34765625 0.02890625 0.16796875
24 0.02890625 0.60234375 0.04296875 0.2046875
24 0.33515625 0.3265625 0.0359375 0.20703125
24 0.3703125 0.328125 0.0359375 0.20703125
24 0.40859375 0.32421875 0.0359375 0.20703125
24 0.50625 0.35078125 0.0359375 0.15390625
24 0.12734375 0.85703125 0.0671875 0.0671875
24 0.80546875 0.34765625 0.03125 0.165625
24 0.7703125 0.33046875 0.0359375 0.19453125