20 0.859375 0.37109375 0.03125 0.04453125
20 0.89921875 0.375 0.03515625 0.040625
20 0.59765625 0.39765625 0.06484375 0.084375
20 0.66328125 0.39921875 0.0609375 0.08203125
20 0.7203125 0.40625 0.046875 0.0671875
20 0.76953125 0.40859375 0.046875 0.06640625
20 0.9546875 0.41015625 0.03125 0.0578125
20 0.984375 0.4109375 0.0296875 0.05625
20 0.85 0.41953125 0.03515625 0.04453125
20 0.92421875 0.4203125 0.03515625 0.04453125
20 0.88671875 0.41953125 0.03125 0.04453125
20 0.93984375 0.52421875 0.06484375 0.06015625
20 0.8765625 0.53515625 0.05546875 0.03828125