24 0.10546875 0.22578125 0.115625 0.12734375
24 0.94921875 0.3015625 0.0625 0.0765625
24 0.91015625 0.3015625 0.053125 0.0796875
24 0.8703125 0.30390625 0.053125 0.0796875
24 0.8328125 0.30859375 0.0578125 0.08203125
24 0.7859375 0.31015625 0.0578125 0.084375
24 0.734375 0.3140625 0.06015625 0.08671875
24 0.68515625 0.3171875 0.06015625 0.08671875
24 0.63125 0.31953125 0.06015625 0.0890625
24 0.57109375 0.3234375 0.06484375 0.09609375
24 0.5046875 0.32578125 0.06484375 0.09609375
24 0.44140625 0.33046875 0.06015625 0.0984375
24 0.3734375 0.334375 0.07421875 0.10546875
24 0.296875 0.3375 0.08203125 0.1078125
24 0.2140625 0.34375 0.0890625 0.115625
24 0.91953125 0.6703125 0.0625 0.1203125
24 0.890625 0.67890625 0.0359375 0.1203125
24 0.859375 0.6921875 0.0484375 0.1203125
24 0.8171875 0.70546875 0.0484375 0.125
24 0.76796875 0.71484375 0.0484375 0.125
24 0.71640625 0.72734375 0.0484375 0.134375
24 0.66796875 0.740625 0.0484375 0.134375
24 0.615625 0.75859375 0.06015625 0.14453125
24 0.5640625 0.77265625 0.0625 0.14453125
24 0.50859375 0.79453125 0.06953125 0.14921875
24 0.45078125 0.8109375 0.06953125 0.15625
24 0.384375 0.83203125 0.06953125 0.16796875
24 0.3234375 0.853125 0.06953125 0.16328125
24 0.25234375 0.86328125 0.084375 0.14453125
24 0.16328125 0.865625 0.08203125 0.13671875
24 0.08046875 0.8734375 0.084375 0.1203125
24 0.94453125 0.80390625 0.040625 0.10546875
24 0.9078125 0.8171875 0.05078125 0.10546875
24 0.87265625 0.834375 0.0578125 0.11328125
24 0.83046875 0.8453125 0.0578125 0.11328125
24 0.7984375 0.8609375 0.05078125 0.11796875
24 0.75703125 0.8765625 0.05546875 0.11796875
24 0.7078125 0.88125 0.05078125 0.10546875
24 0.9671875 0.65625 0.03359375 0.1109375
24 0.56484375 0.6046875 0.21640625 0.084375
24 0.2875 0.65234375 0.29296875 0.1109375
24 0.77890625 0.5625 0.1734375 0.0796875
24 0.9359375 0.52421875 0.12265625 0.0765625
24 0.11875 0.34765625 0.10078125 0.12265625
24 0.134375 0.4421875 0.09140625 0.06484375
24 0.22265625 0.43046875 0.084375 0.0578125
24 0.30390625 0.4234375 0.07421875 0.0625
24 0.3765625 0.41484375 0.071875 0.0578125
24 0.4421875 0.41015625 0.06015625 0.05546875
24 0.50390625 0.40234375 0.06015625 0.05546875
24 0.5671875 0.39921875 0.0625 0.053125
24 0.9671875 0.225 0.05546875 0.0796875
24 0.9328125 0.225 0.04296875 0.0796875
24 0.88671875 0.225 0.0484375 0.08203125
24 0.84765625 0.22578125 0.0625 0.084375
24 0.79921875 0.22578125 0.06484375 0.08671875
24 0.7515625 0.22578125 0.0578125 0.0890625
24 0.69140625 0.22578125 0.071875 0.09609375
24 0.63671875 0.22734375 0.0625 0.09609375
24 0.57421875 0.22734375 0.06953125 0.0984375
24 0.50859375 0.22734375 0.06484375 0.10078125
24 0.4390625 0.22734375 0.07421875 0.103125
24 0.36796875 0.225 0.08203125 0.115625
24 0.2859375 0.22578125 0.084375 0.11796875
24 0.2015625 0.22578125 0.09375 0.125