24 0.21640625 0.196875 0.0765625 0.33203125
24 0.2921875 0.2015625 0.07421875 0.3296875
24 0.36640625 0.20078125 0.07421875 0.33203125
24 0.43984375 0.2015625 0.071875 0.3296875
24 0.51171875 0.203125 0.07421875 0.3296875
24 0.5828125 0.203125 0.071875 0.3265625
24 0.728125 0.203125 0.07421875 0.3265625
24 0.803125 0.203125 0.071875 0.32421875
24 0.875 0.203125 0.07421875 0.3265625
24 0.9484375 0.2015625 0.071875 0.3265625
24 0.02265625 0.646875 0.0453125 0.3265625
24 0.08203125 0.64921875 0.071875 0.3296875
24 0.1546875 0.65 0.071875 0.3296875
24 0.259375 0.64765625 0.07421875 0.3265625
24 0.33046875 0.64453125 0.07421875 0.3265625
24 0.40234375 0.65 0.071875 0.3296875
24 0.4734375 0.6453125 0.06953125 0.3265625
24 0.54296875 0.64921875 0.06953125 0.3296875
24 0.6140625 0.6453125 0.071875 0.3265625
24 0.68359375 0.64921875 0.06953125 0.32421875
24 0.75625 0.64765625 0.071875 0.3265625
24 0.8265625 0.64921875 0.071875 0.3265625
24 0.89921875 0.64765625 0.07421875 0.3296875
24 0.9671875 0.6453125 0.06484375 0.3265625
24 0.6546875 0.2046875 0.07421875 0.3265625
24 0.1421875 0.19921875 0.07421875 0.3296875
24 0.0671875 0.19921875 0.07421875 0.3296875