24 0.3171875 0.66328125 0.06484375 0.23828125
24 0.3921875 0.42890625 0.07421875 0.24765625
24 0.4734375 0.4203125 0.09140625 0.259375
24 0.56953125 0.415625 0.103125 0.2765625
24 0.6828125 0.41015625 0.12265625 0.3078125
24 0.8140625 0.40234375 0.13671875 0.33671875
24 0.94140625 0.3890625 0.115625 0.36328125
24 0.3890625 0.678125 0.08203125 0.25703125
24 0.475 0.6875 0.0890625 0.28125
24 0.57109375 0.70703125 0.10078125 0.30078125
24 0.6828125 0.725 0.12265625 0.3296875
24 0.81640625 0.74609375 0.1421875 0.35546875
24 0.9421875 0.76953125 0.115625 0.40390625
24 0.01953125 0.4578125 0.03828125 0.1609375
24 0.05625 0.4546875 0.0359375 0.1703125
24 0.09765625 0.45078125 0.0453125 0.18046875
24 0.09609375 0.634375 0.0484375 0.1875
24 0.053125 0.62890625 0.0359375 0.1734375
24 0.0171875 0.62265625 0.03359375 0.1703125
24 0.13828125 0.44609375 0.0359375 0.1875
24 0.1875 0.44140625 0.06484375 0.2015625
24 0.25390625 0.43515625 0.06953125 0.21875
24 0.32109375 0.43359375 0.06484375 0.22578125
24 0.1390625 0.6390625 0.040625 0.19453125
24 0.1875 0.6453125 0.06015625 0.209375
24 0.2515625 0.65234375 0.0671875 0.22578125