24 0.44453125 0.759375 0.11796875 0.459375
24 0.328125 0.759375 0.11796875 0.4546875
24 0.21171875 0.759375 0.11796875 0.4546875
24 0.08984375 0.76171875 0.125 0.4546875
24 0.875 0.2140625 0.1296875 0.428125
24 0.74140625 0.21484375 0.12265625 0.42578125
24 0.615625 0.21640625 0.11796875 0.42578125
24 0.1078125 0.21875 0.1203125 0.4234375
24 0.2328125 0.21640625 0.1203125 0.4234375
24 0.92421875 0.759375 0.125 0.459375
24 0.80078125 0.759375 0.125 0.459375
24 0.67890625 0.7546875 0.11796875 0.459375
24 0.55859375 0.75234375 0.11328125 0.46171875