24 0.428125 0.1984375 0.1515625 0.3703125
24 0.27734375 0.20078125 0.14921875 0.36328125
24 0.1203125 0.1984375 0.165625 0.365625
24 0.63359375 0.69140625 0.14453125 0.3578125
24 0.48828125 0.6875 0.14453125 0.3609375
24 0.3390625 0.6890625 0.1515625 0.3578125
24 0.18984375 0.6875 0.14453125 0.35546875
24 0.05859375 0.68828125 0.1171875 0.3546875
24 0.9109375 0.2046875 0.15859375 0.35546875
24 0.7515625 0.2078125 0.1609375 0.35546875
24 0.5890625 0.20078125 0.16328125 0.365625
24 0.92578125 0.69140625 0.14453125 0.3578125
24 0.78125 0.69140625 0.14453125 0.3578125