24 0.45703125 0.146875 0.084375 0.2140625
24 0.290625 0.14296875 0.08203125 0.21640625
24 0.2015625 0.14296875 0.09140625 0.21640625
24 0.1109375 0.1421875 0.09375 0.21875
24 0.37265625 0.1453125 0.084375 0.21640625
24 0.67890625 0.6234375 0.071875 0.16328125
24 0.75390625 0.62734375 0.0796875 0.1703125
24 0.8578125 0.6265625 0.08671875 0.165625
24 0.93984375 0.625 0.07421875 0.16328125
24 0.178125 0.8421875 0.071875 0.1609375
24 0.25 0.8453125 0.071875 0.1609375
24 0.32109375 0.84375 0.071875 0.1609375
24 0.390625 0.8453125 0.071875 0.15859375
24 0.46171875 0.8390625 0.071875 0.15625
24 0.5328125 0.8453125 0.071875 0.15859375
24 0.6046875 0.8421875 0.071875 0.15859375
24 0.678125 0.8421875 0.071875 0.15859375
24 0.74765625 0.8421875 0.071875 0.15859375
24 0.8421875 0.83515625 0.07421875 0.165625
24 0.91796875 0.8375 0.07421875 0.16796875
24 0.60703125 0.6234375 0.071875 0.16328125
24 0.53359375 0.6234375 0.071875 0.16328125
24 0.46171875 0.62265625 0.071875 0.16328125
24 0.3890625 0.62109375 0.071875 0.16328125
24 0.32109375 0.62109375 0.06484375 0.165625
24 0.25625 0.6203125 0.06484375 0.1609375
24 0.1921875 0.609375 0.06484375 0.1421875
24 0.9515625 0.4046875 0.07421875 0.19453125
24 0.87109375 0.40390625 0.084375 0.18984375
24 0.78125 0.415625 0.084375 0.1875
24 0.6984375 0.415625 0.084375 0.1875
24 0.61640625 0.4171875 0.08203125 0.18984375
24 0.53828125 0.415625 0.0765625 0.1875
24 0.4625 0.415625 0.0765625 0.1921875
24 0.38359375 0.41484375 0.0765625 0.1921875
24 0.31640625 0.40390625 0.06015625 0.1734375
24 0.24765625 0.4015625 0.07421875 0.17578125
24 0.1734375 0.40234375 0.0796875 0.1734375
24 0.9109375 0.1359375 0.1109375 0.2359375
24 0.80546875 0.1421875 0.08671875 0.22109375
24 0.7171875 0.1421875 0.08671875 0.22109375
24 0.6296875 0.1421875 0.09140625 0.21875
24 0.53984375 0.14296875 0.084375 0.21875