24 0.609375 0.078125 0.05546875 0.15625
24 0.81875 0.0609375 0.053125 0.121875
24 0.8734375 0.05390625 0.06015625 0.1078125
24 0.9359375 0.05078125 0.06484375 0.10078125
24 0.946875 0.40859375 0.08671875 0.33671875
24 0.865625 0.41015625 0.0796875 0.32421875
24 0.796875 0.396875 0.0625 0.3296875
24 0.728125 0.39765625 0.07421875 0.3265625
24 0.65625 0.4015625 0.07421875 0.31953125
24 0.58671875 0.40625 0.06484375 0.3078125
24 0.52421875 0.41015625 0.06015625 0.290625
24 0.4671875 0.4109375 0.05546875 0.28125
24 0.41328125 0.41484375 0.05546875 0.27421875
24 0.35703125 0.41484375 0.0578125 0.271875
24 0.3015625 0.42890625 0.05546875 0.2359375
24 0.2515625 0.42890625 0.0484375 0.22578125
24 0.1984375 0.43515625 0.0578125 0.228125
24 0.14765625 0.4390625 0.040625 0.22578125
24 0.10703125 0.43984375 0.03828125 0.2234375
24 0.06875 0.4421875 0.03828125 0.22109375
24 0.0296875 0.4421875 0.03828125 0.21640625
24 0.94140625 0.85234375 0.08671875 0.2953125
24 0.853125 0.834375 0.0796875 0.2984375
24 0.77890625 0.828125 0.071875 0.2953125
24 0.709375 0.821875 0.0671875 0.303125
24 0.640625 0.8109375 0.06953125 0.2953125
24 0.56953125 0.7859375 0.06953125 0.2640625
24 0.50625 0.7796875 0.06015625 0.25703125
24 0.4375 0.8125 0.05546875 0.2359375
24 0.38359375 0.80546875 0.05078125 0.2328125
24 0.33671875 0.79921875 0.0453125 0.23046875
24 0.29453125 0.78515625 0.04296875 0.23046875
24 0.25390625 0.7796875 0.040625 0.22109375
24 0.2140625 0.771875 0.03828125 0.22109375
24 0.13359375 0.7796875 0.0453125 0.196875
24 0.765625 0.0625 0.053125 0.125
24 0.7125 0.0671875 0.053125 0.134375
24 0.6625 0.071875 0.05078125 0.1421875
24 0.3390625 0.1 0.0453125 0.196875
24 0.38203125 0.09609375 0.04296875 0.18984375
24 0.43515625 0.0921875 0.0578125 0.1828125
24 0.48984375 0.0875 0.0515625 0.175
24 0.5421875 0.084375 0.05546875 0.16796875