24 0.81953125 0.5671875 0.04296875 0.2046875
24 0.9546875 0.56484375 0.04296875 0.2046875
24 0.90859375 0.5671875 0.0453125 0.2046875
24 0.87109375 0.4078125 0.09375 0.06953125
24 0.9578125 0.4046875 0.08203125 0.07421875
24 0.03359375 0.5671875 0.05078125 0.196875
24 0.0796875 0.56640625 0.040625 0.196875
24 0.12109375 0.56875 0.04296875 0.19921875
24 0.16328125 0.56875 0.04296875 0.19921875
24 0.20546875 0.5671875 0.04296875 0.19921875
24 0.2484375 0.5671875 0.0453125 0.19921875
24 0.29296875 0.56640625 0.04296875 0.19921875
24 0.33671875 0.5671875 0.0453125 0.19921875
24 0.38125 0.5671875 0.0453125 0.19921875
24 0.42421875 0.5671875 0.04296875 0.19921875
24 0.46640625 0.56640625 0.04296875 0.19921875
24 0.5109375 0.56640625 0.04296875 0.19921875
24 0.5578125 0.5671875 0.04296875 0.2015625
24 0.60234375 0.5671875 0.04296875 0.2015625
24 0.6453125 0.5671875 0.0453125 0.2015625
24 0.68984375 0.56875 0.0453125 0.2015625
24 0.7328125 0.5671875 0.04296875 0.2046875
24 0.77734375 0.5671875 0.0453125 0.2046875
24 0.8640625 0.5671875 0.0484375 0.2046875
24 0.0453125 0.25859375 0.090625 0.0734375
24 0.1390625 0.2609375 0.09609375 0.07421875
24 0.2359375 0.26171875 0.09609375 0.07421875
24 0.328125 0.26171875 0.0890625 0.07421875
24 0.41953125 0.265625 0.09140625 0.07421875
24 0.50703125 0.2640625 0.08671875 0.071875
24 0.0484375 0.334375 0.08671875 0.071875
24 0.1390625 0.33515625 0.09375 0.071875
24 0.2328125 0.33515625 0.09375 0.071875
24 0.328125 0.33515625 0.09140625 0.071875
24 0.41953125 0.33671875 0.09140625 0.0671875
24 0.50859375 0.33515625 0.09140625 0.0671875
24 0.0515625 0.4078125 0.08671875 0.071875
24 0.140625 0.40625 0.09140625 0.071875
24 0.234375 0.40859375 0.09609375 0.071875
24 0.328125 0.40625 0.09140625 0.071875
24 0.41953125 0.40625 0.08671875 0.071875
24 0.50859375 0.40625 0.0890625 0.06953125
24 0.5984375 0.2609375 0.09375 0.071875
24 0.68984375 0.2609375 0.09140625 0.071875
24 0.78359375 0.259375 0.09375 0.07421875
24 0.8765625 0.2609375 0.09140625 0.07421875
24 0.96015625 0.25859375 0.0796875 0.07421875
24 0.60078125 0.33671875 0.09140625 0.071875
24 0.6921875 0.334375 0.09140625 0.071875
24 0.7828125 0.334375 0.09140625 0.071875
24 0.87265625 0.334375 0.09140625 0.071875
24 0.95859375 0.334375 0.0828125 0.071875
24 0.60078125 0.40859375 0.09140625 0.071875
24 0.69140625 0.40859375 0.0890625 0.06953125
24 0.7796875 0.4046875 0.09140625 0.06953125