24 0.06484375 0.396875 0.084375 0.4328125
24 0.1625 0.4 0.1109375 0.446875
24 0.25390625 0.40234375 0.071875 0.446875
24 0.3484375 0.40625 0.11796875 0.48828125
24 0.46640625 0.40234375 0.12265625 0.50703125
24 0.5953125 0.4046875 0.13203125 0.53828125
24 0.7390625 0.40625 0.14921875 0.5625
24 0.89765625 0.4078125 0.165625 0.59609375
24 0.021875 0.81484375 0.04296875 0.28359375
24 0.06484375 0.828125 0.0484375 0.290625
24 0.11640625 0.8453125 0.05078125 0.290625
24 0.16953125 0.84609375 0.053125 0.30546875
24 0.2296875 0.85078125 0.06484375 0.2953125
24 0.29453125 0.8546875 0.06953125 0.28828125
24 0.365625 0.85703125 0.071875 0.28359375
24 0.43359375 0.86171875 0.06953125 0.271875
24 0.50390625 0.86640625 0.0765625 0.2640625
24 0.58671875 0.87734375 0.084375 0.24296875
24 0.66953125 0.875 0.084375 0.24765625
24 0.75234375 0.8796875 0.08671875 0.23828125
24 0.84609375 0.88671875 0.09375 0.22109375