24 0.578125 0.07421875 0.0265625 0.1203125
24 0.02890625 0.08671875 0.03125 0.11796875
24 0.06015625 0.084375 0.0265625 0.11796875
24 0.08671875 0.08515625 0.0265625 0.11796875
24 0.11328125 0.084375 0.0265625 0.11796875
24 0.13828125 0.08515625 0.0265625 0.11796875
24 0.16484375 0.08515625 0.0265625 0.11796875
24 0.18984375 0.08515625 0.0265625 0.11796875
24 0.21484375 0.08515625 0.0265625 0.11796875
24 0.240625 0.08515625 0.0265625 0.11796875
24 0.265625 0.084375 0.0265625 0.11796875
24 0.29296875 0.0828125 0.0265625 0.11796875
24 0.31875 0.0828125 0.0265625 0.11796875
24 0.3453125 0.084375 0.0265625 0.11796875
24 0.37109375 0.08203125 0.02421875 0.11796875
24 0.3953125 0.08203125 0.0265625 0.11796875
24 0.421875 0.08046875 0.0265625 0.1203125
24 0.4484375 0.08046875 0.0265625 0.1203125
24 0.475 0.078125 0.02421875 0.1203125
24 0.5 0.078125 0.0265625 0.1203125
24 0.5265625 0.0765625 0.0265625 0.11796875
24 0.553125 0.07578125 0.02421875 0.1203125
24 0.0296875 0.2046875 0.0265625 0.11328125
24 0.0609375 0.2015625 0.0265625 0.11328125
24 0.08671875 0.20078125 0.0265625 0.11328125
24 0.11328125 0.2015625 0.0265625 0.11328125
24 0.13828125 0.2015625 0.0265625 0.11328125
24 0.16484375 0.2015625 0.0265625 0.11328125
24 0.18984375 0.2015625 0.0265625 0.11328125
24 0.21484375 0.203125 0.0265625 0.115625
24 0.24140625 0.2015625 0.0265625 0.11328125
24 0.2671875 0.2015625 0.02421875 0.11328125
24 0.2921875 0.2015625 0.02421875 0.11796875
24 0.31875 0.2015625 0.0265625 0.115625
24 0.3453125 0.19921875 0.0265625 0.115625
24 0.37109375 0.20078125 0.0265625 0.115625
24 0.396875 0.19921875 0.0265625 0.115625
24 0.4234375 0.1984375 0.0265625 0.115625
24 0.4484375 0.1984375 0.0265625 0.115625
24 0.475 0.196875 0.0265625 0.115625
24 0.5 0.1984375 0.0265625 0.115625
24 0.5265625 0.19609375 0.02890625 0.11796875
24 0.55390625 0.196875 0.0265625 0.11796875
24 0.58046875 0.19609375 0.0265625 0.11796875
24 0.0625 0.44921875 0.02890625 0.1875
24 0.09140625 0.44921875 0.03125 0.18984375
24 0.1203125 0.44921875 0.0265625 0.18984375
24 0.14921875 0.44921875 0.03125 0.18984375
24 0.178125 0.44921875 0.02890625 0.18984375
24 0.20703125 0.44921875 0.03125 0.18984375
24 0.23671875 0.45078125 0.02890625 0.18984375
24 0.2671875 0.45078125 0.02890625 0.18984375
24 0.296875 0.45078125 0.02890625 0.18984375
24 0.3265625 0.44921875 0.03125 0.18984375
24 0.35546875 0.45078125 0.02890625 0.18984375
24 0.384375 0.45078125 0.0265625 0.18984375
24 0.4125 0.44921875 0.02890625 0.18984375
24 0.44140625 0.44921875 0.02890625 0.18984375
24 0.47109375 0.4484375 0.03125 0.18984375
24 0.5 0.44921875 0.03125 0.18984375
24 0.5296875 0.44609375 0.03125 0.18984375
24 0.5609375 0.44609375 0.03125 0.18984375
24 0.58984375 0.44609375 0.02890625 0.18984375
24 0.6203125 0.446875 0.02890625 0.1921875
24 0.65 0.44609375 0.03125 0.1921875
24 0.68046875 0.44453125 0.03125 0.1921875
24 0.71015625 0.446875 0.02890625 0.1921875
24 0.7390625 0.44609375 0.03125 0.1921875
24 0.76953125 0.446875 0.02890625 0.1921875
24 0.79921875 0.44609375 0.03125 0.1921875
24 0.20078125 0.75390625 0.03359375 0.22578125
24 0.234375 0.7546875 0.03359375 0.22578125
24 0.2703125 0.7546875 0.0359375 0.22578125
24 0.30625 0.75625 0.0359375 0.2234375
24 0.3421875 0.75390625 0.0359375 0.2234375
24 0.37890625 0.75234375 0.0359375 0.2234375
24 0.4171875 0.75390625 0.0359375 0.22578125
24 0.453125 0.75390625 0.0359375 0.22578125
24 0.4890625 0.7515625 0.0359375 0.22578125
24 0.525 0.75390625 0.0359375 0.22578125
24 0.5625 0.7515625 0.0359375 0.22578125
24 0.6 0.75390625 0.03828125 0.22578125
24 0.6359375 0.75234375 0.0359375 0.228125
24 0.671875 0.7546875 0.0359375 0.23046875
24 0.7078125 0.75390625 0.03828125 0.23046875
24 0.74609375 0.75625 0.03828125 0.23046875
24 0.78359375 0.75625 0.0359375 0.23046875
24 0.81953125 0.7546875 0.0359375 0.228125