24 0.709375 0.7859375 0.05546875 0.2453125
24 0.3703125 0.4078125 0.05546875 0.2640625
24 0.30859375 0.4046875 0.053125 0.2640625
24 0.25 0.40390625 0.053125 0.259375
24 0.1921875 0.40625 0.05078125 0.26171875
24 0.134375 0.40625 0.053125 0.25703125
24 0.0765625 0.4046875 0.053125 0.25703125
24 0.02421875 0.4046875 0.0484375 0.25703125
24 0.9578125 0.09609375 0.05546875 0.1921875
24 0.90625 0.0953125 0.05078125 0.1875
24 0.97734375 0.78515625 0.04296875 0.25
24 0.92890625 0.78515625 0.053125 0.25
24 0.875 0.78359375 0.053125 0.2453125
24 0.81953125 0.7859375 0.053125 0.2453125
24 0.7640625 0.7859375 0.0578125 0.2453125
24 0.9234375 0.40234375 0.053125 0.2640625
24 0.9734375 0.415625 0.0484375 0.25
24 0.021875 0.79296875 0.04296875 0.25703125
24 0.07109375 0.7859375 0.0578125 0.24296875
24 0.12734375 0.7859375 0.0578125 0.2453125
24 0.87109375 0.4015625 0.053125 0.22578125
24 0.81875 0.4 0.05078125 0.22578125
24 0.7640625 0.40234375 0.05546875 0.22578125
24 0.709375 0.41328125 0.05546875 0.25703125
24 0.6546875 0.4109375 0.053125 0.25703125
24 0.6 0.4125 0.053125 0.26171875
24 0.540625 0.41015625 0.05546875 0.26171875
24 0.484375 0.41015625 0.05546875 0.26171875
24 0.4265625 0.4078125 0.05546875 0.2640625
24 0.03125 0.08984375 0.0625 0.1796875
24 0.0890625 0.0890625 0.0578125 0.17578125
24 0.146875 0.0890625 0.05546875 0.17578125
24 0.2015625 0.0890625 0.05546875 0.17578125
24 0.26015625 0.0875 0.0546875 0.175
24 0.31640625 0.0890625 0.05546875 0.178125
24 0.37421875 0.08984375 0.0546875 0.1796875
24 0.428125 0.08984375 0.05625 0.1796875
24 0.4859375 0.08984375 0.05625 0.1796875
24 0.54140625 0.08984375 0.0546875 0.1796875
24 0.59921875 0.08984375 0.0546875 0.1796875
24 0.6515625 0.09140625 0.0484375 0.1828125
24 0.69921875 0.09140625 0.053125 0.1828125
24 0.75625 0.0921875 0.053125 0.184375
24 0.80625 0.09375 0.0484375 0.1875
24 0.85703125 0.0953125 0.0484375 0.1875
24 0.18359375 0.78515625 0.0578125 0.25234375
24 0.24375 0.78828125 0.0578125 0.25234375
24 0.31015625 0.7796875 0.05546875 0.25234375
24 0.365625 0.77890625 0.053125 0.26171875
24 0.4203125 0.78125 0.053125 0.25234375
24 0.484375 0.7859375 0.0578125 0.24296875
24 0.540625 0.7859375 0.05546875 0.24296875
24 0.59765625 0.78515625 0.05546875 0.25