24 0.01171875 0.83671875 0.0234375 0.2203125
24 0.22578125 0.5296875 0.053125 0.22109375
24 0.275 0.52734375 0.0484375 0.21875
24 0.32421875 0.525 0.05078125 0.2140625
24 0.37109375 0.5203125 0.040625 0.209375
24 0.4109375 0.51796875 0.04296875 0.20703125
24 0.453125 0.515625 0.040625 0.2046875
24 0.49609375 0.51171875 0.04296875 0.196875
24 0.5375 0.50859375 0.03828125 0.19453125
24 0.5765625 0.50859375 0.03828125 0.19453125
24 0.61171875 0.50234375 0.02890625 0.18515625
24 0.64296875 0.5015625 0.03359375 0.18515625
24 0.678125 0.4984375 0.0359375 0.1828125
24 0.71171875 0.49375 0.03359375 0.18046875
24 0.96015625 0.1890625 0.0625 0.21875
24 0.8015625 0.48828125 0.03359375 0.1703125
24 0.8328125 0.4859375 0.03125 0.16796875
24 0.865625 0.484375 0.03828125 0.16796875
24 0.89765625 0.48046875 0.02890625 0.165625
24 0.9234375 0.4796875 0.0265625 0.1609375
24 0.05078125 0.828125 0.05546875 0.23046875
24 0.10546875 0.81953125 0.05546875 0.23046875
24 0.16015625 0.81015625 0.053125 0.228125
24 0.21171875 0.79921875 0.053125 0.22109375
24 0.55078125 0.6984375 0.03359375 0.09375
24 0.58203125 0.6875 0.03125 0.09375
24 0.61328125 0.6859375 0.03125 0.09140625
24 0.64453125 0.68046875 0.03125 0.09375
24 0.67578125 0.68046875 0.02890625 0.084375
24 0.703125 0.67578125 0.02890625 0.08203125
24 0.73203125 0.66953125 0.03125 0.0796875
24 0.76171875 0.6671875 0.02890625 0.0796875
24 0.790625 0.66328125 0.02890625 0.0796875
24 0.81953125 0.66015625 0.02890625 0.0765625
24 0.55078125 0.7859375 0.03359375 0.0765625
24 0.5828125 0.77890625 0.03125 0.08671875
24 0.615625 0.77421875 0.03125 0.08203125
24 0.6453125 0.76796875 0.03125 0.0796875
24 0.67578125 0.76171875 0.03125 0.0796875
24 0.7046875 0.7546875 0.02890625 0.0796875
24 0.7328125 0.7484375 0.02890625 0.0796875
24 0.76328125 0.7453125 0.03125 0.07421875
24 0.7921875 0.740625 0.02890625 0.07421875
24 0.82109375 0.73671875 0.02890625 0.07421875
24 0.8453125 0.6625 0.02421875 0.06015625
24 0.84609375 0.728125 0.02421875 0.07421875
24 0.86875 0.725 0.0265625 0.07421875
24 0.86875 0.65 0.02421875 0.07421875
24 0.89296875 0.64296875 0.0265625 0.08203125
24 0.89453125 0.71875 0.0265625 0.071875
24 0.91796875 0.71640625 0.02421875 0.071875
24 0.91796875 0.640625 0.02421875 0.07421875
24 0.94453125 0.640625 0.02890625 0.07421875
24 0.97109375 0.63671875 0.02421875 0.07421875
24 0.94453125 0.71484375 0.02890625 0.06953125
24 0.97109375 0.709375 0.021875 0.06953125