24 0.5 0.69453125 0.09375 0.3796875
24 0.6875 0.6984375 0.09375 0.38203125
24 0.77890625 0.6984375 0.09375 0.38203125
24 0.8765625 0.70078125 0.0984375 0.38203125
24 0.9640625 0.7046875 0.0671875 0.39453125
24 0.6421875 0.203125 0.06953125 0.27421875
24 0.09609375 0.20078125 0.06953125 0.271875
24 0.5734375 0.19921875 0.06953125 0.271875
24 0.59375 0.6984375 0.09375 0.37734375
24 0.2328125 0.20078125 0.07421875 0.2765625
24 0.3015625 0.203125 0.06484375 0.27421875
24 0.36796875 0.20078125 0.06484375 0.2765625
24 0.4359375 0.2015625 0.06953125 0.27421875
24 0.50625 0.20078125 0.06953125 0.27421875
24 0.13203125 0.70078125 0.09375 0.3796875
24 0.225 0.69453125 0.09375 0.3796875
24 0.31953125 0.69609375 0.09140625 0.3796875
24 0.41015625 0.69453125 0.09375 0.3796875
24 0.16328125 0.2015625 0.06484375 0.271875
24 0.97578125 0.1984375 0.0484375 0.2765625
24 0.9171875 0.19921875 0.06953125 0.2765625
24 0.84609375 0.1984375 0.06953125 0.2765625
24 0.7765625 0.20078125 0.06484375 0.27421875
24 0.71015625 0.19921875 0.06953125 0.27421875