24 0.45703125 0.6109375 0.0984375 0.2765625
24 0.359375 0.609375 0.09375 0.2765625
24 0.0515625 0.2859375 0.103125 0.3609375
24 0.1515625 0.2859375 0.0984375 0.35546875
24 0.25859375 0.6046875 0.103125 0.27890625
24 0.25390625 0.2828125 0.1109375 0.3609375
24 0.353125 0.28828125 0.103125 0.3609375
24 0.45546875 0.28515625 0.10078125 0.3703125
24 0.05625 0.603125 0.1078125 0.28359375
24 0.8765625 0.2828125 0.115625 0.375
24 0.765625 0.28515625 0.1078125 0.36328125
24 0.55859375 0.2859375 0.10546875 0.3703125
24 0.6609375 0.2875 0.103125 0.36328125
24 0.95859375 0.61015625 0.0828125 0.2828125
24 0.865625 0.609375 0.11328125 0.28125
24 0.75859375 0.6109375 0.0984375 0.28125
24 0.1578125 0.60703125 0.09609375 0.27890625
24 0.6578125 0.6109375 0.0984375 0.2765625
24 0.55546875 0.6078125 0.0984375 0.2765625