24 0.82421875 0.2234375 0.09609375 0.2859375
24 0.52890625 0.22734375 0.09609375 0.28125
24 0.43046875 0.22578125 0.0890625 0.28125
24 0.23671875 0.2234375 0.084375 0.2859375
24 0.13828125 0.22109375 0.10546875 0.2859375
24 0.33984375 0.22578125 0.084375 0.28359375
24 0.72578125 0.225 0.09609375 0.2859375
24 0.63125 0.225 0.09609375 0.2859375
24 0.83046875 0.52890625 0.09375 0.2671875
24 0.73671875 0.5296875 0.09609375 0.2671875
24 0.640625 0.52890625 0.09609375 0.2671875
24 0.5453125 0.52890625 0.09609375 0.2671875
24 0.446875 0.53125 0.09375 0.26171875
24 0.35 0.53125 0.09375 0.2671875
24 0.25234375 0.5328125 0.09609375 0.2640625
24 0.14921875 0.5359375 0.10078125 0.271875