24 0.275 0.6359375 0.0625 0.28828125
24 0.334375 0.6359375 0.05546875 0.28359375
24 0.38828125 0.6359375 0.05546875 0.28359375
24 0.4390625 0.63671875 0.0453125 0.27890625
24 0.48671875 0.634375 0.053125 0.2859375
24 0.53828125 0.609375 0.053125 0.23046875
24 0.5921875 0.60703125 0.053125 0.23046875
24 0.3296875 0.27890625 0.0578125 0.2765625
24 0.7640625 0.6078125 0.05078125 0.22578125
24 0.8140625 0.63125 0.0484375 0.271875
24 0.61796875 0.90859375 0.05078125 0.18046875
24 0.78359375 0.90234375 0.0578125 0.18984375
24 0.70078125 0.6078125 0.0484375 0.22578125
24 0.27421875 0.2765625 0.0578125 0.2765625
24 0.2171875 0.275 0.06015625 0.2765625
24 0.15390625 0.26796875 0.06484375 0.290625
24 0.08984375 0.2640625 0.06484375 0.290625
24 0.02890625 0.2609375 0.0578125 0.2984375
24 0.3859375 0.2765625 0.0578125 0.2859375
24 0.5015625 0.26171875 0.05078125 0.16796875
24 0.54921875 0.26796875 0.0484375 0.15859375
24 0.7328125 0.3125 0.0484375 0.2359375
24 0.775 0.32109375 0.0359375 0.22109375
24 0.2140625 0.634375 0.0625 0.29296875