24 0.6390625 0.2453125 0.053125 0.1203125
24 0.57421875 0.25 0.05546875 0.125
24 0.39765625 0.24375 0.05546875 0.13203125
24 0.33203125 0.2453125 0.0578125 0.11328125
24 0.2671875 0.24375 0.05546875 0.11328125
24 0.19609375 0.240625 0.06484375 0.11796875
24 0.77421875 0.37734375 0.06484375 0.1421875
24 0.7078125 0.37890625 0.0625 0.1421875
24 0.640625 0.37734375 0.06015625 0.14453125
24 0.57578125 0.38203125 0.06015625 0.13671875
24 0.50625 0.3609375 0.04296875 0.1515625
24 0.45546875 0.36171875 0.04296875 0.15390625
24 0.3921875 0.38125 0.06484375 0.1390625
24 0.32421875 0.375 0.06015625 0.14921875
24 0.23046875 0.38359375 0.0671875 0.16328125
24 0.165625 0.38203125 0.06484375 0.146875
24 0.771875 0.68046875 0.05546875 0.1421875
24 0.76796875 0.81015625 0.053125 0.11796875
24 0.71875 0.68046875 0.053125 0.1390625
24 0.71484375 0.80859375 0.05546875 0.11796875
24 0.66328125 0.69140625 0.05546875 0.1390625
24 0.66015625 0.8171875 0.05546875 0.115625
24 0.61171875 0.78828125 0.04296875 0.16796875
24 0.56484375 0.790625 0.04296875 0.16796875
24 0.58203125 0.6421875 0.0453125 0.125
24 0.53515625 0.64296875 0.0453125 0.12734375
24 0.51953125 0.80546875 0.04296875 0.13203125
24 0.4671875 0.821875 0.0453125 0.115625
24 0.4890625 0.6609375 0.04296875 0.15859375
24 0.44453125 0.66484375 0.04296875 0.1609375
24 0.39921875 0.6453125 0.04296875 0.125
24 0.4171875 0.8140625 0.04296875 0.134375
24 0.3609375 0.7875 0.0484375 0.165625
24 0.30625 0.69140625 0.06015625 0.14453125
24 0.31015625 0.8234375 0.05546875 0.11796875
24 0.2484375 0.7015625 0.05546875 0.1421875
24 0.2546875 0.828125 0.05546875 0.115625
24 0.19609375 0.83515625 0.06015625 0.12734375
24 0.1875 0.70078125 0.0625 0.14453125
24 0.77421875 0.1109375 0.06484375 0.146875
24 0.71015625 0.103125 0.06484375 0.146875
24 0.6421875 0.1078125 0.06015625 0.15390625
24 0.5765625 0.11328125 0.06015625 0.14453125
24 0.48046875 0.196875 0.05078125 0.1703125
24 0.3921875 0.10234375 0.06015625 0.1515625
24 0.32578125 0.11640625 0.06015625 0.14453125
24 0.25859375 0.115625 0.06484375 0.14453125
24 0.1890625 0.1078125 0.06953125 0.14453125
24 0.7671875 0.2453125 0.05546875 0.12734375
24 0.70703125 0.240625 0.06015625 0.12734375