24 0.17890625 0.0578125 0.04296875 0.115625
24 0.25703125 0.84765625 0.040625 0.1203125
24 0.21875 0.8453125 0.03359375 0.1203125
24 0.2203125 0.05859375 0.0375 0.1171875
24 0.9703125 0.83984375 0.0453125 0.134375
24 0.21171875 0.671875 0.040625 0.1609375
24 0.2515625 0.6703125 0.040625 0.15859375
24 0.509375 0.671875 0.040625 0.1609375
24 0.54921875 0.6609375 0.03828125 0.17578125
24 0.975 0.67421875 0.0453125 0.165625
24 0.98046875 0.4703125 0.03828125 0.1703125
24 0.5453125 0.47265625 0.03828125 0.16796875
24 0.5046875 0.47265625 0.040625 0.16796875
24 0.2359375 0.47265625 0.040625 0.1703125
24 0.19453125 0.47109375 0.040625 0.1703125
24 0.553125 0.25859375 0.04296875 0.19453125
24 0.509375 0.25859375 0.04296875 0.18984375
24 0.2328125 0.25234375 0.04296875 0.196875
24 0.19375 0.25234375 0.03828125 0.19453125
24 0.553125 0.06015625 0.04296875 0.1203125
24 0.50859375 0.06015625 0.0453125 0.1203125
24 0.52265625 0.8453125 0.03828125 0.1203125
24 0.5625 0.84609375 0.03828125 0.12265625