24 0.703125 0.225 0.09375 0.4234375
24 0.60546875 0.228125 0.09375 0.4234375
24 0.50234375 0.228125 0.09375 0.4234375
24 0.40234375 0.22734375 0.0984375 0.4234375
24 0.3015625 0.22578125 0.0984375 0.4234375
24 0.20078125 0.225 0.09609375 0.4234375
24 0.0984375 0.2234375 0.10546875 0.4234375
24 0.396875 0.740625 0.08203125 0.36328125
24 0.48671875 0.740625 0.08203125 0.36328125
24 0.56875 0.740625 0.08203125 0.36328125
24 0.65625 0.740625 0.084375 0.36328125
24 0.7453125 0.74296875 0.084375 0.3609375
24 0.8390625 0.73671875 0.09140625 0.3609375
24 0.8078125 0.22578125 0.103125 0.4234375
24 0.9109375 0.228125 0.0984375 0.4234375
24 0.11875 0.74609375 0.09609375 0.365625
24 0.21640625 0.74375 0.09609375 0.365625
24 0.30546875 0.74375 0.08203125 0.365625