24 0.2609375 0.7703125 0.0671875 0.3390625
24 0.33046875 0.771875 0.0671875 0.33671875
24 0.396875 0.7703125 0.0671875 0.34140625
24 0.82421875 0.1984375 0.06953125 0.353125
24 0.89296875 0.19921875 0.06953125 0.353125
24 0.53125 0.7640625 0.0671875 0.34140625
24 0.4640625 0.7640625 0.0671875 0.34140625
24 0.6 0.7703125 0.0671875 0.34375
24 0.66484375 0.765625 0.0625 0.34375
24 0.73203125 0.7671875 0.06953125 0.34140625
24 0.86796875 0.765625 0.06953125 0.34375
24 0.68515625 0.19609375 0.06953125 0.353125
24 0.7546875 0.19609375 0.06953125 0.353125
24 0.0296875 0.86171875 0.0578125 0.16796875
24 0.0265625 0.7046875 0.0484375 0.16328125
24 0.02265625 0.5359375 0.04296875 0.16796875