24 0.14765625 0.80078125 0.0625 0.30546875
24 0.50859375 0.05546875 0.071875 0.1109375
24 0.62890625 0.05546875 0.06953125 0.1109375
24 0.6984375 0.0578125 0.06953125 0.115625
24 0.50390625 0.1921875 0.0671875 0.15625
24 0.56875 0.19375 0.0671875 0.1609375
24 0.634375 0.19609375 0.0625 0.1609375
24 0.69609375 0.19453125 0.0671875 0.15859375
24 0.50234375 0.35234375 0.06484375 0.15859375
24 0.56875 0.3546875 0.06484375 0.15859375
24 0.63125 0.353125 0.06015625 0.15625
24 0.6921875 0.3546875 0.0625 0.15859375
24 0.76328125 0.13203125 0.0625 0.21171875
24 0.8234375 0.13359375 0.06015625 0.21171875
24 0.88125 0.13125 0.06015625 0.21171875
24 0.5046875 0.58671875 0.06484375 0.15859375
24 0.27265625 0.79921875 0.0625 0.30546875
24 0.209375 0.79921875 0.0625 0.30546875
24 0.08515625 0.7953125 0.0625 0.31015625
24 0.02734375 0.796875 0.0546875 0.3125
24 0.92890625 0.34140625 0.0578125 0.20703125
24 0.8734375 0.34140625 0.05546875 0.20703125
24 0.81875 0.34140625 0.0578125 0.2046875
24 0.759375 0.33984375 0.0625 0.2046875
24 0.9390625 0.13203125 0.0578125 0.21171875
24 0.640625 0.7453125 0.0671875 0.15390625
24 0.5734375 0.74609375 0.06484375 0.15390625
24 0.50625 0.74609375 0.06953125 0.15390625
24 0.7015625 0.58984375 0.0578125 0.15859375
24 0.6390625 0.5875 0.06953125 0.15859375
24 0.57109375 0.58671875 0.06953125 0.15859375
24 0.50390625 0.8890625 0.0625 0.12734375
24 0.56640625 0.88671875 0.0625 0.12734375
24 0.63203125 0.88828125 0.0671875 0.1296875
24 0.6984375 0.88828125 0.0671875 0.1296875
24 0.7609375 0.6609375 0.06015625 0.2140625
24 0.75859375 0.8609375 0.05078125 0.1828125
24 0.8109375 0.64765625 0.04296875 0.20703125
24 0.80625 0.84375 0.04296875 0.18515625
24 0.859375 0.6453125 0.05546875 0.20703125
24 0.85546875 0.8421875 0.05546875 0.1875
24 0.921875 0.83515625 0.06015625 0.2015625
24 0.703125 0.7453125 0.06015625 0.15859375