24 0.93828125 0.2015625 0.1171875 0.403125
24 0.8078125 0.19453125 0.146875 0.3890625
24 0.66953125 0.1875 0.12734375 0.375
24 0.54765625 0.18125 0.1203125 0.3625
24 0.23828125 0.16796875 0.0890625 0.3359375
24 0.43359375 0.17890625 0.11328125 0.35546875
24 0.1546875 0.16328125 0.0796875 0.32421875
24 0.9265625 0.74375 0.146875 0.39453125
24 0.7875 0.73046875 0.1296875 0.38203125
24 0.6625 0.70703125 0.1203125 0.3796875
24 0.54921875 0.6671875 0.10078125 0.36796875
24 0.446875 0.64921875 0.10078125 0.34140625
24 0.33203125 0.171875 0.09609375 0.34375
24 0.3546875 0.6265625 0.08671875 0.3265625
24 0.2671875 0.6046875 0.08671875 0.3171875
24 0.1875 0.5796875 0.0765625 0.3171875