24 0.8109375 0.78984375 0.134375 0.30546875
24 0.05390625 0.1671875 0.1078125 0.31953125
24 0.30390625 0.178125 0.12734375 0.30078125
24 0.296875 0.78125 0.134375 0.30546875
24 0.4265625 0.7875 0.12734375 0.303125
24 0.16328125 0.78515625 0.13671875 0.31484375
24 0.0484375 0.78359375 0.09609375 0.31484375
24 0.93984375 0.4890625 0.1203125 0.2984375
24 0.8109375 0.48671875 0.134375 0.2984375
24 0.68046875 0.48828125 0.12734375 0.2984375
24 0.55390625 0.4890625 0.12265625 0.2984375
24 0.43125 0.4859375 0.12265625 0.2984375
24 0.30390625 0.4796875 0.13203125 0.2984375
24 0.16796875 0.4796875 0.13671875 0.2984375
24 0.05078125 0.475 0.0984375 0.2984375
24 0.9375 0.1859375 0.125 0.2984375
24 0.8125 0.18515625 0.125 0.30078125
24 0.6890625 0.18125 0.12265625 0.303125
24 0.5625 0.1828125 0.1296875 0.303125
24 0.43359375 0.178125 0.1296875 0.3078125
24 0.1734375 0.1734375 0.134375 0.3078125
24 0.9390625 0.79453125 0.11796875 0.31015625
24 0.67890625 0.78984375 0.12734375 0.30078125
24 0.5515625 0.78828125 0.12734375 0.30546875