24 0.03828125 0.146875 0.0765625 0.2328125
24 0.31875 0.45703125 0.0984375 0.23828125
24 0.03125 0.453125 0.0625 0.2359375
24 0.046875 0.74375 0.09140625 0.24296875
24 0.1421875 0.75 0.09609375 0.24296875
24 0.11171875 0.4546875 0.09609375 0.23828125
24 0.23828125 0.75 0.09609375 0.24296875
24 0.21484375 0.45546875 0.103125 0.23828125
24 0.3328125 0.7515625 0.0984375 0.240625
24 0.328125 0.1453125 0.10078125 0.2328125
24 0.22734375 0.14453125 0.10078125 0.2328125
24 0.1265625 0.14296875 0.10078125 0.2359375