24 0.771875 0.69921875 0.09375 0.3796875
24 0.86796875 0.6984375 0.0984375 0.37734375
24 0.02421875 0.19921875 0.0484375 0.271875
24 0.084375 0.19921875 0.06953125 0.2765625
24 0.15390625 0.196875 0.06953125 0.27890625
24 0.2234375 0.20078125 0.0671875 0.271875
24 0.290625 0.20078125 0.0671875 0.2765625
24 0.3578125 0.203125 0.0671875 0.27421875
24 0.42578125 0.2015625 0.0671875 0.2765625
24 0.49296875 0.2015625 0.0671875 0.2765625
24 0.56015625 0.2015625 0.0671875 0.2765625
24 0.62890625 0.2015625 0.0671875 0.2765625
24 0.696875 0.2015625 0.0671875 0.27421875
24 0.7640625 0.20078125 0.0671875 0.2765625
24 0.8328125 0.2015625 0.0671875 0.27421875
24 0.90234375 0.1984375 0.06953125 0.27421875
24 0.03515625 0.703125 0.06953125 0.38671875
24 0.12109375 0.6984375 0.103125 0.38671875
24 0.2203125 0.696875 0.09375 0.38671875
24 0.31484375 0.6984375 0.09609375 0.38203125
24 0.40859375 0.6984375 0.09140625 0.384375
24 0.49765625 0.69609375 0.09140625 0.38203125
24 0.5875 0.696875 0.09140625 0.3796875
24 0.67890625 0.69921875 0.09140625 0.37734375