25 0.6515625 0.3125 0.2796875 0.0671875
25 0.9171875 0.2875 0.16484375 0.06484375
25 0.9421875 0.25 0.1140625 0.0609375
25 0.76171875 0.27734375 0.19609375 0.05625
25 0.8859375 0.3328125 0.22734375 0.07421875
25 0.9015625 0.59609375 0.1734375 0.08046875
25 0.07421875 0.8640625 0.14765625 0.1453125
25 0.13203125 0.90390625 0.18515625 0.14453125
25 0.24296875 0.92578125 0.1734375 0.12890625
25 0.3609375 0.9484375 0.165625 0.0984375
25 0.48828125 0.96484375 0.14296875 0.06875
25 0.5421875 0.93515625 0.16953125 0.1265625
25 0.61640625 0.8890625 0.1515625 0.115625
25 0.728125 0.93359375 0.1515625 0.115625
25 0.665625 0.95859375 0.15 0.0828125
25 0.84609375 0.9578125 0.1296875 0.084375
25 0.43125 0.88828125 0.140625 0.08671875
25 0.15234375 0.79296875 0.1265625 0.07109375
25 0.3296875 0.8703125 0.140625 0.08671875
25 0.234375 0.834375 0.140625 0.08671875
25 0.053125 0.60234375 0.10546875 0.1078125
25 0.09765625 0.6875 0.10234375 0.08515625
25 0.165625 0.69453125 0.0765625 0.0734375
25 0.3109375 0.1078125 0.1703125 0.053125
25 0.2828125 0.14296875 0.1703125 0.053125
25 0.25625 0.17421875 0.12265625 0.0359375
25 0.19609375 0.20546875 0.16328125 0.05078125
25 0.1859375 0.2390625 0.1140625 0.03828125
25 0.47578125 0.13828125 0.22734375 0.0625
25 0.4359375 0.1734375 0.15 0.03984375
25 0.3765625 0.2078125 0.19609375 0.05859375
25 0.3453125 0.24609375 0.13203125 0.040625
25 0.73828125 0.54453125 0.29453125 0.08984375
25 0.4015625 0.48671875 0.2359375 0.06875
25 0.2453125 0.4421875 0.14296875 0.053125
25 0.5140625 0.68515625 0.2546875 0.0984375
25 0.7703125 0.7453125 0.28359375 0.11796875