25 0.31640625 0.66953125 0.27890625 0.07578125
25 0.06875 0.68125 0.13671875 0.07109375
25 0.0421875 0.7171875 0.084375 0.06484375
25 0.2046875 0.6984375 0.196875 0.0625
25 0.10234375 0.63828125 0.2046875 0.08203125
25 0.109375 0.38125 0.1703125 0.0828125
25 0.93515625 0.15 0.12734375 0.14765625
25 0.89921875 0.1078125 0.196875 0.14765625
25 0.79296875 0.0828125 0.1828125 0.13125
25 0.68125 0.05546875 0.1734375 0.10078125
25 0.5578125 0.03515625 0.14921875 0.06953125
25 0.5015625 0.0625 0.18046875 0.125
25 0.421875 0.103125 0.1609375 0.11796875
25 0.31640625 0.05625 0.1609375 0.1125
25 0.38203125 0.0375 0.15859375 0.07421875
25 0.209375 0.0359375 0.13125 0.07109375
25 0.603125 0.11171875 0.146875 0.0890625
25 0.865625 0.21484375 0.13125 0.0734375
25 0.70078125 0.13359375 0.146875 0.0890625
25 0.78984375 0.171875 0.146875 0.0890625
25 0.93984375 0.4078125 0.11796875 0.1078125
25 0.9078125 0.321875 0.109375 0.08671875
25 0.84140625 0.3109375 0.084375 0.0734375
25 0.6265625 0.88203125 0.1703125 0.05859375
25 0.65859375 0.8484375 0.1703125 0.05859375
25 0.6890625 0.81953125 0.12265625 0.03984375
25 0.7515625 0.790625 0.16328125 0.05546875
25 0.765625 0.75859375 0.1140625 0.0421875
25 0.46875 0.84609375 0.22734375 0.06953125
25 0.51171875 0.8140625 0.14921875 0.04453125
25 0.57421875 0.7828125 0.196875 0.0640625
25 0.6109375 0.7453125 0.13203125 0.04453125
25 0.2609375 0.4375 0.29453125 0.0984375
25 0.584375 0.50703125 0.2359375 0.07421875
25 0.73203125 0.5578125 0.14453125 0.05625
25 0.4984375 0.3078125 0.25859375 0.1046875
25 0.25390625 0.2390625 0.28828125 0.125