24 0.91328125 0.76171875 0.103125 0.240625
24 0.040625 0.30625 0.0796875 0.22578125
24 0.12734375 0.303125 0.09140625 0.22578125
24 0.22265625 0.29921875 0.10078125 0.2234375
24 0.3390625 0.30390625 0.103125 0.22109375
24 0.4328125 0.33671875 0.08203125 0.1609375
24 0.51796875 0.33671875 0.08671875 0.16796875
24 0.603125 0.31875 0.084375 0.19453125
24 0.7046875 0.2953125 0.10546875 0.23046875
24 0.80625 0.29453125 0.09609375 0.23046875
24 0.90234375 0.290625 0.09609375 0.23046875
24 0.03984375 0.53515625 0.0796875 0.22578125
24 0.125 0.5296875 0.09140625 0.22578125
24 0.22265625 0.525 0.10078125 0.22578125
24 0.33046875 0.5296875 0.09609375 0.22578125
24 0.428125 0.53125 0.09609375 0.22578125
24 0.52265625 0.53125 0.09375 0.22109375
24 0.61640625 0.5296875 0.09375 0.22109375
24 0.7125 0.525 0.0984375 0.22109375
24 0.81015625 0.525 0.0984375 0.22578125
24 0.9078125 0.52421875 0.09609375 0.23046875
24 0.03828125 0.7671875 0.0765625 0.2359375
24 0.1234375 0.7671875 0.09375 0.24296875
24 0.22265625 0.76953125 0.103125 0.24296875
24 0.3296875 0.7640625 0.09609375 0.2359375
24 0.42421875 0.7640625 0.09609375 0.240625
24 0.521875 0.76171875 0.09609375 0.2359375
24 0.61640625 0.7609375 0.09609375 0.240625
24 0.71484375 0.7640625 0.0984375 0.2453125
24 0.8140625 0.76328125 0.0984375 0.2453125