24 0.88125 0.790625 0.06015625 0.31015625
24 0.72109375 0.125 0.053125 0.15390625
24 0.41953125 0.78359375 0.0453125 0.13671875
24 0.32109375 0.77890625 0.04296875 0.15390625
24 0.26953125 0.7796875 0.0453125 0.15390625
24 0.16328125 0.77734375 0.0453125 0.15625
24 0.66953125 0.125 0.05078125 0.15390625
24 0.71875 0.2765625 0.05078125 0.14453125
24 0.66953125 0.275 0.05078125 0.14453125
24 0.7171875 0.4234375 0.05078125 0.146875
24 0.66796875 0.421875 0.05078125 0.146875
24 0.61875 0.275 0.05078125 0.146875
24 0.61796875 0.4234375 0.05078125 0.146875
24 0.5671875 0.27421875 0.05078125 0.146875
24 0.56875 0.4234375 0.05078125 0.146875
24 0.51953125 0.125 0.05078125 0.146875
24 0.4671875 0.125 0.05078125 0.146875
24 0.51796875 0.271875 0.05078125 0.146875
24 0.46875 0.27265625 0.05078125 0.146875
24 0.4171875 0.275 0.05078125 0.146875
24 0.36640625 0.27421875 0.05078125 0.146875
24 0.515625 0.4234375 0.05078125 0.146875
24 0.4671875 0.42421875 0.05078125 0.146875
24 0.4171875 0.4234375 0.05078125 0.146875
24 0.36640625 0.42421875 0.05078125 0.146875
24 0.353125 0.06953125 0.04296875 0.125
24 0.30859375 0.06953125 0.04296875 0.125
24 0.30859375 0.1921875 0.04296875 0.12265625
24 0.3171875 0.42421875 0.05078125 0.15390625
24 0.2640625 0.42421875 0.053125 0.15859375
24 0.2140625 0.271875 0.05546875 0.15390625
24 0.21171875 0.42421875 0.05546875 0.15390625
24 0.15859375 0.27265625 0.05546875 0.14921875
24 0.15859375 0.421875 0.0484375 0.1515625
24 0.10546875 0.42421875 0.0578125 0.1515625
24 0.103125 0.2703125 0.0578125 0.1515625
24 0.10234375 0.11875 0.0578125 0.15390625
24 0.046875 0.11640625 0.053125 0.15390625
24 0.0484375 0.26953125 0.053125 0.15390625
24 0.05078125 0.4203125 0.053125 0.15390625
24 0.9796875 0.790625 0.03828125 0.3078125
24 0.93515625 0.78984375 0.05078125 0.3125
24 0.821875 0.79453125 0.0578125 0.30546875
24 0.76171875 0.79453125 0.0578125 0.30546875