24 0.165625 0.32578125 0.17578125 0.21875
24 0.3328125 0.328125 0.15625 0.19453125
24 0.4859375 0.3421875 0.14921875 0.1875
24 0.15859375 0.5328125 0.1703125 0.19921875
24 0.33046875 0.5296875 0.16796875 0.20703125
24 0.4859375 0.53359375 0.1515625 0.196875
24 0.15234375 0.73828125 0.1734375 0.2046875
24 0.32421875 0.73046875 0.165625 0.19921875
24 0.48203125 0.72578125 0.1515625 0.1875
24 0.640625 0.35546875 0.13203125 0.1828125
24 0.6296875 0.5359375 0.1390625 0.18046875
24 0.6296875 0.71484375 0.1421875 0.18046875
24 0.76328125 0.53359375 0.1296875 0.1703125
24 0.7640625 0.7078125 0.13203125 0.1703125
24 0.8859375 0.69921875 0.11328125 0.165625
24 0.7640625 0.36796875 0.115625 0.165625
24 0.88125 0.37109375 0.115625 0.1703125
24 0.884375 0.5375 0.115625 0.15859375