24 0.36328125 0.0734375 0.02890625 0.146875
24 0.59609375 0.46171875 0.03125 0.16328125
24 0.56484375 0.46171875 0.03125 0.16328125
24 0.396875 0.4578125 0.03359375 0.1734375
24 0.3640625 0.4578125 0.03359375 0.16796875
24 0.33046875 0.4578125 0.03359375 0.1703125
24 0.296875 0.4578125 0.03125 0.1703125
24 0.0328125 0.46875 0.0359375 0.15859375
24 0.975 0.6703125 0.0453125 0.21171875
24 0.92578125 0.6703125 0.05546875 0.20703125
24 0.83046875 0.6734375 0.04296875 0.2015625
24 0.740625 0.67421875 0.04296875 0.209375
24 0.696875 0.67421875 0.04296875 0.2046875
24 0.65390625 0.67578125 0.0453125 0.2046875
24 0.62890625 0.46015625 0.03359375 0.16328125
24 0.6109375 0.67578125 0.04296875 0.2046875
24 0.56640625 0.67578125 0.04296875 0.2015625
24 0.521875 0.6765625 0.0453125 0.20703125
24 0.478125 0.678125 0.0453125 0.2046875
24 0.43359375 0.6765625 0.04296875 0.20703125
24 0.3890625 0.678125 0.0453125 0.20703125
24 0.3453125 0.6765625 0.0453125 0.20703125
24 0.29921875 0.6765625 0.0453125 0.2046875
24 0.24296875 0.67421875 0.04296875 0.20703125
24 0.19921875 0.67421875 0.04296875 0.20703125
24 0.1578125 0.67578125 0.04296875 0.20703125
24 0.1046875 0.678125 0.04296875 0.20703125
24 0.0328125 0.678125 0.0453125 0.20703125
24 0.65859375 0.46015625 0.03125 0.16328125
24 0.0109375 0.27421875 0.01953125 0.15390625
24 0.10078125 0.271875 0.03125 0.1515625
24 0.13359375 0.2703125 0.03125 0.1515625
24 0.16484375 0.2703125 0.03125 0.15390625
24 0.29453125 0.2609375 0.03359375 0.165625
24 0.3265625 0.259375 0.03359375 0.165625
24 0.359375 0.25859375 0.03359375 0.16796875
24 0.39296875 0.259375 0.03359375 0.165625
24 0.5640625 0.26171875 0.03125 0.15859375
24 0.59375 0.26171875 0.03125 0.15625
24 0.625 0.26171875 0.03125 0.15859375
24 0.65625 0.26171875 0.03125 0.15859375
24 0.009375 0.08046875 0.0171875 0.14921875
24 0.0375 0.0796875 0.0359375 0.146875
24 0.06640625 0.07578125 0.03359375 0.14921875
24 0.0984375 0.07578125 0.03125 0.1515625
24 0.1296875 0.07578125 0.03359375 0.1515625
24 0.16328125 0.07421875 0.0359375 0.1484375
24 0.2984375 0.0734375 0.0359375 0.146875
24 0.33125 0.07421875 0.03125 0.1484375
24 0.3953125 0.0734375 0.03359375 0.146875
24 0.56015625 0.07578125 0.03125 0.14453125
24 0.58984375 0.07421875 0.02890625 0.14453125
24 0.65 0.07421875 0.03125 0.146875
24 0.6203125 0.07578125 0.02890625 0.14453125
24 0.06875 0.27265625 0.03125 0.14921875
24 0.0375 0.27421875 0.0359375 0.1515625
24 0.134375 0.46484375 0.03359375 0.1609375
24 0.0640625 0.46640625 0.03359375 0.1609375