25 0.634375 0.68984375 0.4640625 0.1265625
25 0.615625 0.61328125 0.4515625 0.09609375
25 0.553125 0.3734375 0.36328125 0.103125
25 0.19375 0.39296875 0.359375 0.1046875
25 0.6078125 0.55859375 0.3015625 0.071875
25 0.1828125 0.334375 0.1703125 0.04921875
25 0.62109375 0.89609375 0.2703125 0.2078125
25 0.853125 0.88125 0.290625 0.209375
25 0.98046875 0.86875 0.0359375 0.1984375
25 0.9359375 0.6765625 0.125 0.09765625
25 0.92890625 0.603125 0.140625 0.0796875
25 0.95703125 0.540625 0.08515625 0.0671875
25 0.953125 0.49609375 0.09140625 0.04296875