6 0.6203125 0.484375 0.15390625 0.16796875
6 0.4625 0.484375 0.1703125 0.18984375
6 0.76796875 0.48828125 0.1828125 0.16796875
6 0.2953125 0.49609375 0.16796875 0.18515625
6 0.1046875 0.4984375 0.178125 0.18046875
6 0.9234375 0.50234375 0.14921875 0.1828125
6 0.803125 0.9671875 0.0984375 0.06484375
6 0.9234375 0.96875 0.1109375 0.0578125
6 0.43515625 0.97578125 0.1203125 0.0484375
6 0.68046875 0.98046875 0.10078125 0.03828125
6 0.27265625 0.146875 0.1921875 0.196875
6 0.459375 0.1546875 0.15859375 0.1921875
6 0.0828125 0.15859375 0.1609375 0.22109375
6 0.80078125 0.1625 0.15390625 0.1703125
6 0.63125 0.1703125 0.1609375 0.2015625