6 0.31484375 0.3859375 0.25 0.13203125
6 0.6203125 0.38671875 0.2546875 0.14921875
6 0.86640625 0.38828125 0.25234375 0.1703125
6 0.55625 0.77421875 0.2046875 0.09609375
6 0.31484375 0.775 0.1921875 0.09609375
6 0.771875 0.775 0.23828125 0.09609375
6 0.94453125 0.81640625 0.10546875 0.18046875
6 0.62109375 0.08203125 0.27421875 0.16328125
6 0.2921875 0.0828125 0.271875 0.165625
6 0.884375 0.08671875 0.22578125 0.15859375
6 0.54921875 0.94921875 0.2234375 0.10078125
6 0.31875 0.94921875 0.21171875 0.10078125
6 0.9296875 0.95625 0.134375 0.0875
6 0.75625 0.9578125 0.2140625 0.0796875