6 0.79453125 0.43046875 0.08203125 0.125
6 0.165625 0.4328125 0.0671875 0.125
6 0.078125 0.4328125 0.07421875 0.1390625
6 0.71875 0.4390625 0.0578125 0.1421875
6 0.5640625 0.4390625 0.06953125 0.13671875
6 0.48046875 0.4390625 0.09375 0.13671875
6 0.240625 0.43984375 0.0578125 0.1390625
6 0.8859375 0.44140625 0.09140625 0.14921875
6 0.3234375 0.44375 0.0796875 0.146875
6 0.24609375 0.5640625 0.06953125 0.14921875
6 0.18046875 0.56484375 0.071875 0.15390625
6 0.6296875 0.57109375 0.0671875 0.1421875
6 0.5515625 0.57109375 0.06953125 0.12734375
6 0.3296875 0.571875 0.071875 0.15390625
6 0.09375 0.571875 0.071875 0.15859375
6 0.709375 0.57578125 0.071875 0.13203125
6 0.79453125 0.57578125 0.0765625 0.1515625
6 0.475 0.58046875 0.08203125 0.15625
6 0.8609375 0.584375 0.09609375 0.15390625
6 0.69609375 0.78359375 0.0765625 0.125
6 0.775 0.7921875 0.08203125 0.12265625
6 0.32109375 0.79296875 0.07421875 0.15390625
6 0.85 0.7953125 0.0671875 0.134375
6 0.16796875 0.8015625 0.0671875 0.1421875
6 0.0765625 0.80859375 0.0765625 0.15625
6 0.47109375 0.89765625 0.071875 0.15625
6 0.328125 0.90234375 0.06953125 0.11796875
6 0.4 0.90390625 0.06015625 0.1296875
6 0.77265625 0.90625 0.06484375 0.125
6 0.62734375 0.9078125 0.071875 0.115625
6 0.2546875 0.9078125 0.0671875 0.12265625
6 0.7015625 0.91015625 0.0796875 0.1390625
6 0.54453125 0.91015625 0.08203125 0.11796875
6 0.84609375 0.91484375 0.0765625 0.103125
6 0.17421875 0.915625 0.07421875 0.1390625
6 0.09765625 0.92421875 0.07421875 0.1421875
6 0.0265625 0.92734375 0.053125 0.1453125
6 0.6609375 0.1453125 0.053125 0.07421875
6 0.5671875 0.15390625 0.08203125 0.09609375
6 0.478125 0.1578125 0.0890625 0.0890625
6 0.74140625 0.1921875 0.103125 0.178125
6 0.9171875 0.2015625 0.09375 0.18515625
6 0.82421875 0.2125 0.10546875 0.19453125