6 0.1921875 0.41328125 0.240625 0.146875
6 0.4046875 0.41796875 0.24765625 0.16328125
6 0.7234375 0.4265625 0.2546875 0.16328125
6 0.10078125 0.775 0.2015625 0.15625
6 0.48671875 0.78359375 0.18515625 0.0890625
6 0.3078125 0.7953125 0.21171875 0.14921875
6 0.71640625 0.8109375 0.2140625 0.0984375
6 0.13203125 0.91015625 0.16328125 0.0890625
6 0.30546875 0.93359375 0.14453125 0.09375
6 0.490625 0.9515625 0.16796875 0.09140625
6 0.734375 0.0984375 0.31015625 0.1875
6 0.3953125 0.12890625 0.29296875 0.16328125
6 0.14921875 0.1390625 0.26953125 0.14453125