6 0.63203125 0.5453125 0.10078125 0.053125
6 0.2203125 0.546875 0.0890625 0.0453125
6 0.5265625 0.5484375 0.10078125 0.05546875
6 0.759375 0.5515625 0.09609375 0.05546875
6 0.3265625 0.5515625 0.09609375 0.06484375
6 0.1546875 0.6765625 0.06484375 0.05078125
6 0.42421875 0.7078125 0.0796875 0.06484375
6 0.240625 0.71640625 0.08671875 0.0671875
6 0.04453125 0.7171875 0.084375 0.07421875
6 0.6359375 0.73046875 0.09375 0.0671875
6 0.53125 0.73828125 0.09140625 0.071875
6 0.74609375 0.75234375 0.0890625 0.0765625
6 0.303125 0.22265625 0.115625 0.084375
6 0.77890625 0.2234375 0.1203125 0.10078125
6 0.65859375 0.2234375 0.10546875 0.09140625
6 0.4203125 0.225 0.1109375 0.0890625
6 0.53984375 0.225 0.11796875 0.09140625
6 0.1828125 0.22734375 0.11796875 0.0796875