6 0.8078125 0.41328125 0.240625 0.146875
6 0.5953125 0.41796875 0.24765625 0.16328125
6 0.2765625 0.4265625 0.2546875 0.16328125
6 0.89765625 0.7765625 0.19921875 0.15859375
6 0.51328125 0.78359375 0.18515625 0.0890625
6 0.6921875 0.7953125 0.21171875 0.14921875
6 0.28359375 0.8109375 0.2140625 0.0984375
6 0.86796875 0.91015625 0.16328125 0.0890625
6 0.69453125 0.93359375 0.14453125 0.09375
6 0.509375 0.9515625 0.16796875 0.09140625
6 0.265625 0.0984375 0.31015625 0.1875
6 0.6046875 0.12890625 0.29296875 0.16328125
6 0.85078125 0.1390625 0.26953125 0.14453125