6 0.3796875 0.484375 0.15390625 0.16796875
6 0.5375 0.484375 0.1703125 0.18984375
6 0.23203125 0.48828125 0.1828125 0.16796875
6 0.7046875 0.49609375 0.16796875 0.18515625
6 0.8953125 0.4984375 0.178125 0.18046875
6 0.07578125 0.50234375 0.1515625 0.178125
6 0.196875 0.9671875 0.0984375 0.06484375
6 0.0765625 0.96875 0.1109375 0.0578125
6 0.56484375 0.97578125 0.1203125 0.0484375
6 0.31953125 0.98046875 0.10078125 0.03828125
6 0.72734375 0.146875 0.1921875 0.196875
6 0.540625 0.1546875 0.15859375 0.1921875
6 0.9171875 0.15859375 0.1609375 0.22109375
6 0.19921875 0.1625 0.15390625 0.1703125
6 0.36875 0.1703125 0.1609375 0.2015625