24 0.58515625 0.1359375 0.05546875 0.2015625
24 0.0625 0.140625 0.06015625 0.2046875
24 0.1203125 0.1390625 0.05546875 0.2015625
24 0.1765625 0.1390625 0.0578125 0.2046875
24 0.2328125 0.140625 0.05546875 0.2015625
24 0.290625 0.13828125 0.0578125 0.2015625
24 0.3578125 0.134375 0.0578125 0.20703125
24 0.415625 0.1359375 0.0578125 0.20703125
24 0.47109375 0.13359375 0.05546875 0.19921875
24 0.52734375 0.13359375 0.05546875 0.19921875
24 0.64296875 0.134375 0.06015625 0.2046875
24 0.70078125 0.1359375 0.0578125 0.2015625
24 0.75703125 0.1359375 0.05546875 0.2015625
24 0.8140625 0.134375 0.06015625 0.2015625
24 0.87265625 0.13359375 0.0578125 0.2015625
24 0.93125 0.13203125 0.0625 0.2046875
24 0.0265625 0.47109375 0.05078125 0.209375
24 0.08671875 0.47265625 0.05546875 0.20703125
24 0.1421875 0.47265625 0.05546875 0.20703125
24 0.19453125 0.47265625 0.053125 0.20703125
24 0.2484375 0.47265625 0.053125 0.209375
24 0.30546875 0.47265625 0.06015625 0.20703125
24 0.36328125 0.47265625 0.05546875 0.209375
24 0.41953125 0.47265625 0.05546875 0.209375
24 0.475 0.47265625 0.05546875 0.209375
24 0.5296875 0.47265625 0.05546875 0.20703125
24 0.58515625 0.47265625 0.05546875 0.20703125
24 0.6421875 0.47265625 0.05546875 0.209375
24 0.696875 0.4734375 0.0578125 0.209375
24 0.75390625 0.4734375 0.0578125 0.209375
24 0.81015625 0.4734375 0.0578125 0.209375
24 0.86796875 0.47265625 0.0578125 0.209375
24 0.92890625 0.47265625 0.0625 0.209375
24 0.025 0.8140625 0.05 0.221875
24 0.0796875 0.81484375 0.06015625 0.22109375
24 0.13671875 0.81484375 0.05546875 0.22109375
24 0.19375 0.81484375 0.05546875 0.22109375
24 0.24765625 0.81640625 0.05546875 0.21875
24 0.30390625 0.81484375 0.05546875 0.21875
24 0.3609375 0.81640625 0.0578125 0.2234375
24 0.4171875 0.81640625 0.05546875 0.22109375
24 0.47265625 0.81640625 0.05546875 0.22109375
24 0.52890625 0.8171875 0.0578125 0.22109375
24 0.584375 0.81875 0.05546875 0.22109375
24 0.640625 0.81875 0.05546875 0.21875
24 0.69453125 0.81875 0.05546875 0.22109375
24 0.7515625 0.81953125 0.0578125 0.22109375
24 0.81015625 0.82109375 0.0578125 0.22109375
24 0.865625 0.82109375 0.0578125 0.2234375
24 0.9265625 0.82109375 0.06484375 0.2234375