24 0.24765625 0.3921875 0.040625 0.14453125
24 0.115625 0.5328125 0.0453125 0.1421875
24 0.16015625 0.5328125 0.0453125 0.1421875
24 0.2046875 0.5328125 0.0453125 0.14453125
24 0.24765625 0.5328125 0.040625 0.1421875
24 0.28984375 0.5328125 0.040625 0.14921875
24 0.6984375 0.728125 0.084375 0.14453125
24 0.7828125 0.87109375 0.08671875 0.13671875
24 0.09375 0.1453125 0.0484375 0.22578125
24 0.04453125 0.1453125 0.053125 0.22578125
24 0.9796875 0.15390625 0.03828125 0.228125
24 0.9375 0.15234375 0.0453125 0.228125
24 0.890625 0.15234375 0.0484375 0.228125
24 0.8421875 0.1515625 0.05078125 0.22578125
24 0.790625 0.14921875 0.053125 0.23046875
24 0.73828125 0.14921875 0.05078125 0.22578125
24 0.6890625 0.146875 0.05078125 0.2328125
24 0.63828125 0.1453125 0.053125 0.2328125
24 0.5875 0.146875 0.05078125 0.228125
24 0.53828125 0.1453125 0.05078125 0.228125
24 0.48671875 0.14453125 0.053125 0.23046875
24 0.4375 0.14296875 0.05078125 0.23046875
24 0.38671875 0.1421875 0.05078125 0.2328125
24 0.3375 0.14296875 0.05078125 0.23046875
24 0.2875 0.1421875 0.05078125 0.23046875
24 0.23671875 0.14296875 0.05078125 0.23046875
24 0.1859375 0.14453125 0.05078125 0.23046875
24 0.1390625 0.14765625 0.04296875 0.22109375
24 0.9828125 0.39765625 0.02890625 0.13671875
24 0.9484375 0.396875 0.04296875 0.1421875
24 0.9046875 0.3953125 0.0453125 0.1421875
24 0.8609375 0.3953125 0.04296875 0.14453125
24 0.8171875 0.3953125 0.04296875 0.146875
24 0.77265625 0.3953125 0.04296875 0.14453125
24 0.7296875 0.39296875 0.0453125 0.14453125
24 0.68515625 0.39453125 0.04296875 0.1421875
24 0.64296875 0.3921875 0.04296875 0.1421875
24 0.5984375 0.39296875 0.04296875 0.1421875
24 0.55546875 0.3921875 0.04296875 0.1421875
24 0.5109375 0.3921875 0.04296875 0.1421875
24 0.46640625 0.3890625 0.04296875 0.1421875
24 0.4234375 0.3890625 0.04296875 0.1421875
24 0.37734375 0.3890625 0.0484375 0.1421875
24 0.3328125 0.38828125 0.0453125 0.1421875
24 0.28984375 0.38828125 0.04296875 0.14453125
24 0.2046875 0.3890625 0.0453125 0.14453125
24 0.16015625 0.3890625 0.0453125 0.14921875
24 0.11640625 0.3890625 0.04296875 0.146875
24 0.07421875 0.3890625 0.04296875 0.146875
24 0.0328125 0.3890625 0.04296875 0.146875
24 0.98203125 0.53828125 0.03125 0.14453125
24 0.94609375 0.53828125 0.040625 0.1421875
24 0.90234375 0.53984375 0.04296875 0.14453125
24 0.859375 0.53984375 0.0453125 0.1421875
24 0.81484375 0.53828125 0.04296875 0.1421875
24 0.7703125 0.53828125 0.04296875 0.1421875
24 0.728125 0.5359375 0.04296875 0.1421875
24 0.68515625 0.5359375 0.04296875 0.1421875
24 0.640625 0.5359375 0.04296875 0.146875
24 0.5984375 0.5375 0.04296875 0.14453125
24 0.55390625 0.5359375 0.04296875 0.146875
24 0.5109375 0.5359375 0.0453125 0.146875
24 0.46640625 0.53515625 0.0453125 0.14921875
24 0.421875 0.5359375 0.0453125 0.14921875
24 0.37734375 0.53359375 0.0453125 0.14921875
24 0.3328125 0.53359375 0.0453125 0.14921875
24 0.69609375 0.86875 0.08671875 0.13671875
24 0.865625 0.86640625 0.084375 0.1390625
24 0.9484375 0.865625 0.08203125 0.13671875
24 0.0890625 0.85703125 0.084375 0.1390625
24 0.09140625 0.7171875 0.084375 0.14453125
24 0.178125 0.8546875 0.09375 0.13671875
24 0.178125 0.7171875 0.09140625 0.1390625
24 0.26796875 0.8578125 0.0890625 0.1421875
24 0.26796875 0.7203125 0.09140625 0.13671875
24 0.353125 0.85703125 0.084375 0.134375
24 0.4390625 0.859375 0.084375 0.1390625
24 0.52421875 0.86171875 0.084375 0.1390625
24 0.609375 0.865625 0.08671875 0.13671875
24 0.353125 0.72109375 0.0796875 0.134375
24 0.4359375 0.7234375 0.0890625 0.13671875
24 0.52421875 0.725 0.08671875 0.13671875
24 0.6109375 0.72578125 0.0890625 0.1421875
24 0.78359375 0.73046875 0.08671875 0.14453125
24 0.86796875 0.72734375 0.0796875 0.1421875
24 0.94921875 0.72734375 0.084375 0.1390625
24 0.0328125 0.5328125 0.040625 0.1421875
24 0.0734375 0.53125 0.040625 0.1421875