24 0.709375 0.196875 0.24296875 0.10546875
24 0.21171875 0.884375 0.240625 0.09609375
24 0.2203125 0.7828125 0.23828125 0.10078125
24 0.225 0.68359375 0.240625 0.09609375
24 0.9171875 0.540625 0.16328125 0.10546875
24 0.9171875 0.4375 0.165625 0.103125
24 0.71171875 0.54296875 0.240625 0.103125
24 0.7140625 0.43984375 0.23828125 0.103125
24 0.47265625 0.5453125 0.23828125 0.103125
24 0.47265625 0.44140625 0.240625 0.103125
24 0.484375 0.35078125 0.21875 0.0765625
24 0.271875 0.35546875 0.20703125 0.0625
24 0.22265625 0.546875 0.24296875 0.103125
24 0.23203125 0.44140625 0.24296875 0.10546875
24 0.915625 0.0953125 0.16796875 0.10546875
24 0.70703125 0.0953125 0.24296875 0.103125
24 0.45703125 0.7765625 0.23828125 0.11796875
24 0.459375 0.0984375 0.24296875 0.103125
24 0.46484375 0.20078125 0.240625 0.0984375
24 0.2203125 0.20078125 0.2328125 0.1078125
24 0.21640625 0.09765625 0.240625 0.1078125
24 0.48828125 0.678125 0.2140625 0.0890625
24 0.05078125 0.5453125 0.10078125 0.103125
24 0.05390625 0.44375 0.1078125 0.0984375
24 0.065625 0.0296875 0.103125 0.059375
24 0.0484375 0.10546875 0.09609375 0.09140625
24 0.04921875 0.2046875 0.0984375 0.10078125
24 0.915625 0.1984375 0.16796875 0.103125
24 0.05078125 0.84140625 0.10078125 0.1734375
24 0.45546875 0.88203125 0.24296875 0.09609375
24 0.90234375 0.75625 0.19453125 0.10546875
24 0.915625 0.88125 0.165625 0.10078125
24 0.7015625 0.78359375 0.24296875 0.103125
24 0.709375 0.88203125 0.24296875 0.09609375