24 0.4171875 0.81484375 0.04296875 0.18515625
24 0.36875 0.81484375 0.04296875 0.1828125
24 0.2765625 0.8140625 0.040625 0.1828125
24 0.2359375 0.81484375 0.040625 0.1828125
24 0.1921875 0.8140625 0.0453125 0.18046875
24 0.1453125 0.81484375 0.0453125 0.18046875
24 0.0953125 0.81484375 0.05546875 0.18046875
24 0.040625 0.81484375 0.05078125 0.18046875
24 0.88671875 0.77734375 0.04296875 0.13203125
24 0.93359375 0.78359375 0.05078125 0.146875
24 0.9796875 0.79453125 0.040625 0.16796875
24 0.9578125 0.5953125 0.05078125 0.15859375
24 0.91015625 0.58671875 0.0453125 0.15390625
24 0.4578125 0.58203125 0.040625 0.21171875
24 0.4171875 0.5828125 0.040625 0.21640625
24 0.3765625 0.58203125 0.04296875 0.21171875
24 0.33046875 0.5796875 0.0484375 0.209375
24 0.2828125 0.58203125 0.05078125 0.2140625
24 0.234375 0.5828125 0.04296875 0.21875
24 0.18984375 0.5828125 0.0453125 0.21640625
24 0.14453125 0.58203125 0.0453125 0.22109375
24 0.1078125 0.571875 0.0484375 0.19921875
24 0.05859375 0.58046875 0.05078125 0.21875
24 0.984375 0.38125 0.0265625 0.165625
24 0.953125 0.37890625 0.0484375 0.165625
24 0.4625 0.3578125 0.03828125 0.17578125
24 0.40625 0.35546875 0.040625 0.18515625
24 0.36640625 0.353125 0.03828125 0.18515625
24 0.328125 0.35234375 0.03828125 0.18515625
24 0.296875 0.35234375 0.0265625 0.1828125
24 0.2640625 0.35078125 0.0359375 0.178125
24 0.22109375 0.35 0.040625 0.1875
24 0.1828125 0.3484375 0.0359375 0.18515625
24 0.1421875 0.34765625 0.04296875 0.18515625
24 0.103125 0.34765625 0.03828125 0.18515625
24 0.0625 0.3453125 0.0453125 0.1875
24 0.0203125 0.34375 0.040625 0.1921875
24 0.5921875 0.1234375 0.03125 0.146875
24 0.56015625 0.12265625 0.03359375 0.146875
24 0.53125 0.11875 0.03359375 0.1515625
24 0.4953125 0.12265625 0.02421875 0.1390625
24 0.46875 0.11640625 0.02890625 0.14921875
24 0.4390625 0.11328125 0.03359375 0.1515625
24 0.40625 0.11328125 0.03359375 0.14921875
24 0.38125 0.13671875 0.0265625 0.0984375
24 0.35546875 0.04453125 0.02890625 0.0890625
24 0.35234375 0.1359375 0.0265625 0.09609375
24 0.3265625 0.04453125 0.02890625 0.0890625
24 0.32421875 0.134375 0.02890625 0.09609375
24 0.2953125 0.13359375 0.0265625 0.09609375
24 0.30078125 0.04296875 0.0265625 0.0859375
24 0.26953125 0.1359375 0.02421875 0.08671875
24 0.271875 0.0453125 0.028125 0.090625
24 0.240625 0.103125 0.03359375 0.14921875
24 0.2078125 0.103125 0.03359375 0.146875
24 0.17421875 0.0984375 0.0359375 0.1515625
24 0.140625 0.1 0.03359375 0.146875
24 0.10546875 0.09375 0.0359375 0.15625
24 0.071875 0.09140625 0.03125 0.15625
24 0.040625 0.09140625 0.03125 0.15390625
24 0.01328125 0.0875 0.0265625 0.15390625