25 0.2546875 0.0359375 0.1734375 0.071875
25 0.46484375 0.08046875 0.1265625 0.11171875
25 0.63203125 0.1453125 0.08984375 0.09140625
25 0.8421875 0.2296875 0.05859375 0.0734375
25 0.83046875 0.15859375 0.0765625 0.06953125
25 0.828125 0.10234375 0.103125 0.0890625
25 0.58515625 0.6078125 0.13828125 0.115625
25 0.58984375 0.52890625 0.13828125 0.1203125
25 0.5203125 0.42890625 0.12890625 0.1046875
25 0.50234375 0.35234375 0.1296875 0.0953125
25 0.70703125 0.40859375 0.12890625 0.10078125
25 0.7015625 0.4734375 0.1265625 0.10078125
25 0.703125 0.54296875 0.1078125 0.09140625
25 0.69921875 0.60546875 0.10703125 0.09375