25 0.1890625 0.72109375 0.37734375 0.10546875
25 0.196875 0.6578125 0.39296875 0.09609375
25 0.20546875 0.6 0.4 0.0921875
25 0.2234375 0.546875 0.39453125 0.0875
25 0.24375 0.4953125 0.38125 0.08671875
25 0.57578125 0.75703125 0.4359375 0.109375
25 0.584375 0.68984375 0.41953125 0.09609375
25 0.5921875 0.6296875 0.40234375 0.09375
25 0.60546875 0.57421875 0.3953125 0.08671875
25 0.61171875 0.52421875 0.38671875 0.08671875
25 0.48984375 0.96953125 0.3359375 0.0609375
25 0.0625 0.9328125 0.1234375 0.07578125
25 0.3015625 0.39921875 0.365625 0.0765625
25 0.321875 0.35546875 0.35546875 0.08046875
25 0.3484375 0.3140625 0.3453125 0.07421875
25 0.3609375 0.275 0.3375 0.078125
25 0.375 0.2328125 0.33046875 0.071875
25 0.68125 0.0953125 0.271875 0.0796875
25 0.68125 0.146875 0.24765625 0.0671875
25 0.69140625 0.03984375 0.30546875 0.0796875
25 0.4046875 0.0515625 0.24609375 0.07421875
25 0.4171875 0.12109375 0.2671875 0.08515625
25 0.38828125 0.01796875 0.2671875 0.0359375
25 0.91484375 0.0953125 0.16953125 0.0984375