20 0.8703125 0.4859375 0.0734375 0.084375
20 0.7953125 0.49296875 0.0796875 0.078125
20 0.62734375 0.4984375 0.07109375 0.0765625
20 0.709375 0.4984375 0.0828125 0.078125
20 0.54453125 0.50234375 0.078125 0.08203125
20 0.46015625 0.5046875 0.08046875 0.08515625
20 0.3734375 0.50859375 0.0890625 0.0984375
20 0.1734375 0.5140625 0.09375 0.0953125
20 0.275 0.5171875 0.08515625 0.09609375
20 0.875 0.62890625 0.053125 0.06484375
20 0.81953125 0.63203125 0.05546875 0.06484375
20 0.75703125 0.6359375 0.071875 0.0671875
20 0.68984375 0.634375 0.0609375 0.06875
20 0.6421875 0.64765625 0.04296875 0.05546875
20 0.5921875 0.64921875 0.0515625 0.05546875
20 0.540625 0.6515625 0.0515625 0.05625
20 0.47578125 0.65625 0.06875 0.06875
20 0.4 0.65625 0.0640625 0.0640625
20 0.3390625 0.66484375 0.0625 0.06015625
20 0.265625 0.66796875 0.07578125 0.06484375
20 0.1875 0.671875 0.07109375 0.0640625
20 0.7078125 0.72734375 0.040625 0.0453125
20 0.66015625 0.73046875 0.03828125 0.0453125
20 0.6140625 0.7359375 0.040625 0.0421875
20 0.56875 0.740625 0.04296875 0.0453125
20 0.834375 0.74296875 0.03828125 0.0359375
20 0.7921875 0.74609375 0.03515625 0.0328125
20 0.7484375 0.7484375 0.03984375 0.03125
20 0.8609375 0.78359375 0.0359375 0.0359375
20 0.82421875 0.7859375 0.03359375 0.0296875
20 0.7078125 0.7859375 0.03515625 0.05078125
20 0.78828125 0.78984375 0.0359375 0.0328125
20 0.7484375 0.79296875 0.03828125 0.03359375
20 0.6671875 0.79296875 0.03828125 0.0515625
20 0.52265625 0.7953125 0.053125 0.06953125
20 0.61875 0.7984375 0.0421875 0.04921875
20 0.57421875 0.79921875 0.03828125 0.05078125
20 0.46484375 0.8015625 0.05546875 0.06875
20 0.4078125 0.80546875 0.0578125 0.06953125
20 0.3484375 0.81015625 0.05625 0.06484375
20 0.28984375 0.81640625 0.05625 0.06953125
20 0.22734375 0.82109375 0.05859375 0.06953125