20 0.19453125 0.3921875 0.04296875 0.05859375
20 0.14296875 0.39296875 0.046875 0.0578125
20 0.08515625 0.39296875 0.0515625 0.0578125
20 0.2609375 0.44140625 0.1 0.0921875
20 0.36875 0.44140625 0.1 0.08984375
20 0.8328125 0.446875 0.07109375 0.078125
20 0.478125 0.4484375 0.09765625 0.07109375
20 0.0640625 0.4546875 0.05390625 0.06015625
20 0.6265625 0.4578125 0.05859375 0.05625
20 0.12265625 0.45546875 0.0515625 0.06015625
20 0.18046875 0.45703125 0.046875 0.0609375
20 0.5640625 0.4578125 0.05625 0.05625
20 0.69375 0.4578125 0.0609375 0.05625
20 0.9078125 0.45703125 0.05625 0.06015625
20 0.759375 0.4578125 0.05859375 0.06015625
20 0.203125 0.59140625 0.08046875 0.1
20 0.1046875 0.5921875 0.08671875 0.1
20 0.296875 0.5921875 0.0875 0.10078125
20 0.3921875 0.5921875 0.0765625 0.1
20 0.81875 0.6 0.0984375 0.09140625
20 0.9265625 0.60078125 0.1109375 0.08984375
20 0.475 0.60546875 0.0796875 0.06953125
20 0.6421875 0.6078125 0.0765625 0.06953125
20 0.55859375 0.6078125 0.0734375 0.06875
20 0.72734375 0.609375 0.08046875 0.0671875
20 0.084375 0.74296875 0.08046875 0.0875
20 0.171875 0.74296875 0.0765625 0.08984375
20 0.25859375 0.74375 0.08046875 0.08984375
20 0.3453125 0.74375 0.0765625 0.08984375
20 0.4265625 0.75390625 0.071875 0.071875
20 0.50234375 0.75390625 0.06640625 0.07421875
20 0.5765625 0.75390625 0.0625 0.07421875