20 0.27265625 0.87265625 0.0609375 0.05390625
20 0.20078125 0.87734375 0.0484375 0.0453125
20 0.13828125 0.87890625 0.05390625 0.05078125
20 0.3265625 0.884375 0.03515625 0.03125
20 0.365625 0.884375 0.03125 0.0328125
20 0.3328125 0.32421875 0.0671875 0.10234375
20 0.2609375 0.32421875 0.06953125 0.10078125
20 0.1859375 0.32578125 0.07421875 0.09375
20 0.10546875 0.3265625 0.07578125 0.08671875
20 0.19921875 0.48828125 0.03515625 0.08203125
20 0.1609375 0.4890625 0.03359375 0.08046875
20 0.25 0.4890625 0.05390625 0.0765625
20 0.11171875 0.49140625 0.053125 0.0796875
20 0.8078125 0.61875 0.03984375 0.0765625
20 0.759375 0.61796875 0.04296875 0.0765625
20 0.5625 0.61796875 0.05546875 0.08671875
20 0.62109375 0.61796875 0.05546875 0.084375
20 0.71640625 0.61875 0.046875 0.0765625
20 0.21171875 0.6296875 0.07109375 0.06484375
20 0.890625 0.63125 0.03359375 0.053125
20 0.85234375 0.63125 0.0328125 0.05078125
20 0.13125 0.63671875 0.07421875 0.0640625
20 0.32109375 0.640625 0.04296875 0.05546875
20 0.27421875 0.640625 0.0421875 0.053125
20 0.125 0.7671875 0.04453125 0.0484375
20 0.17421875 0.7671875 0.04296875 0.0515625