20 0.68359375 0.3109375 0.08203125 0.07421875
20 0.60546875 0.3109375 0.07421875 0.07421875
20 0.52890625 0.3125 0.0734375 0.0765625
20 0.36796875 0.3125 0.07578125 0.07578125
20 0.44609375 0.3140625 0.07578125 0.07421875
20 0.2359375 0.32578125 0.0515625 0.05390625
20 0.2984375 0.32578125 0.05625 0.05625
20 0.81484375 0.4078125 0.0453125 0.053125
20 0.7125 0.40859375 0.0421875 0.053125
20 0.76328125 0.40859375 0.0484375 0.05546875
20 0.5328125 0.41015625 0.0671875 0.0484375
20 0.225 0.4125 0.0421875 0.046875
20 0.1828125 0.415625 0.0359375 0.0453125
20 0.1390625 0.44140625 0.03828125 0.0328125
20 0.06015625 0.44140625 0.0359375 0.03359375
20 0.103125 0.44140625 0.0359375 0.03125
20 0.65859375 0.4546875 0.0515625 0.06875
20 0.5984375 0.4546875 0.05390625 0.06953125
20 0.28125 0.45703125 0.05546875 0.06484375
20 0.3390625 0.45703125 0.0578125 0.0625
20 0.39765625 0.4578125 0.05078125 0.06640625
20 0.765625 0.46171875 0.0421875 0.04921875
20 0.81484375 0.4625 0.0484375 0.0515625
20 0.5328125 0.4625 0.0640625 0.05078125
20 0.71640625 0.4625 0.0453125 0.0515625
20 0.22734375 0.4640625 0.03984375 0.0453125
20 0.46015625 0.4640625 0.0640625 0.0453125
20 0.1828125 0.46484375 0.040625 0.0453125
20 0.14296875 0.4734375 0.02890625 0.02734375
20 0.0625 0.4734375 0.03515625 0.02734375
20 0.1046875 0.475 0.03515625 0.0296875
20 0.75703125 0.54453125 0.0359375 0.05390625
20 0.6578125 0.584375 0.053125 0.0921875
20 0.2390625 0.58671875 0.0625 0.0828125
20 0.76171875 0.60234375 0.03984375 0.05546875