20 0.8796875 0.1 0.0796875 0.109375
20 0.62890625 0.10078125 0.08203125 0.1109375
20 0.709375 0.1 0.0796875 0.1109375
20 0.54453125 0.10234375 0.08046875 0.1140625
20 0.7953125 0.10078125 0.0828125 0.1140625
20 0.459375 0.1046875 0.0796875 0.11328125
20 0.2046875 0.1078125 0.07421875 0.11328125
20 0.28828125 0.1078125 0.0828125 0.1109375
20 0.375 0.10703125 0.07421875 0.11328125
20 0.0421875 0.1109375 0.07421875 0.1140625
20 0.125 0.11171875 0.08203125 0.1109375
20 0.30625 0.36796875 0.05390625 0.04296875
20 0.2015625 0.36640625 0.05078125 0.04453125
20 0.25625 0.36640625 0.0515625 0.04296875
20 0.91328125 0.384375 0.09765625 0.109375
20 0.81640625 0.39296875 0.0796875 0.1046875
20 0.3546875 0.4078125 0.05625 0.0796875
20 0.4796875 0.40859375 0.06640625 0.08046875
20 0.74140625 0.4078125 0.06015625 0.0765625
20 0.678125 0.40625 0.0625 0.0765625
20 0.546875 0.4078125 0.05859375 0.08203125
20 0.41484375 0.40859375 0.05859375 0.0796875
20 0.6140625 0.4078125 0.06484375 0.0796875
20 0.24140625 0.41953125 0.05546875 0.0421875
20 0.18125 0.41796875 0.05390625 0.05078125
20 0.3015625 0.4203125 0.0484375 0.0421875
20 0.55859375 0.62734375 0.0890625 0.1109375
20 0.26171875 0.63203125 0.09375 0.103125
20 0.36640625 0.63203125 0.08515625 0.10078125
20 0.05546875 0.63359375 0.0984375 0.1078125
20 0.1546875 0.63125 0.0921875 0.1078125
20 0.8609375 0.63359375 0.10078125 0.1140625
20 0.7515625 0.6359375 0.09375 0.10703125
20 0.65390625 0.63671875 0.0890625 0.10546875
20 0.4578125 0.63828125 0.0890625 0.0890625