20 0.1765625 0.7875 0.03359375 0.05546875
20 0.2546875 0.81484375 0.03515625 0.03125
20 0.29296875 0.81484375 0.0328125 0.03125
20 0.80859375 0.8171875 0.06015625 0.0921875
20 0.74375 0.81875 0.05859375 0.0953125
20 0.68046875 0.81953125 0.06015625 0.09765625
20 0.61328125 0.81953125 0.0625 0.0984375
20 0.546875 0.82109375 0.05859375 0.1
20 0.43515625 0.8390625 0.0484375 0.06953125
20 0.4890625 0.8390625 0.0515625 0.06953125
20 0.3859375 0.8484375 0.03828125 0.05390625
20 0.3390625 0.85 0.04296875 0.05625
20 0.21171875 0.85234375 0.03515625 0.05625
20 0.1703125 0.853125 0.03515625 0.0578125
20 0.296875 0.86171875 0.03515625 0.03515625
20 0.2546875 0.86171875 0.0375 0.03515625
20 0.77890625 0.31484375 0.05859375 0.06875
20 0.7140625 0.3171875 0.0609375 0.07109375
20 0.64453125 0.3171875 0.06015625 0.06640625
20 0.578125 0.3234375 0.0640625 0.0609375
20 0.87109375 0.61875 0.1 0.1296875
20 0.78125 0.6421875 0.06640625 0.08671875
20 0.70546875 0.64453125 0.06640625 0.08984375
20 0.62890625 0.64921875 0.06953125 0.08671875
20 0.55390625 0.65625 0.06640625 0.071875