20 0.73671875 0.1078125 0.0484375 0.0609375
20 0.38125 0.10703125 0.06015625 0.10078125
20 0.63203125 0.10546875 0.05859375 0.071875
20 0.6828125 0.11328125 0.04296875 0.05625
20 0.4484375 0.1140625 0.0484375 0.07421875
20 0.571875 0.11171875 0.05859375 0.071875
20 0.509375 0.11640625 0.0625 0.07109375
20 0.23203125 0.12265625 0.06953125 0.08515625
20 0.31015625 0.12265625 0.0734375 0.08203125
20 0.15859375 0.12734375 0.06640625 0.08671875
20 0.0921875 0.13359375 0.06875 0.0828125
20 0.9796875 0.24375 0.03984375 0.06875
20 0.540625 0.2453125 0.03515625 0.0296875
20 0.49765625 0.24765625 0.03984375 0.0328125
20 0.79921875 0.24765625 0.08046875 0.0921875
20 0.4546875 0.2484375 0.0359375 0.0328125
20 0.8890625 0.2515625 0.0796875 0.0796875
20 0.70546875 0.26171875 0.071875 0.06953125
20 0.19140625 0.26328125 0.06015625 0.0984375
20 0.12734375 0.2640625 0.0578125 0.09609375
20 0.071875 0.26796875 0.04921875 0.0921875
20 0.35546875 0.2703125 0.04921875 0.07578125
20 0.30078125 0.2703125 0.0484375 0.078125
20 0.63828125 0.27265625 0.0484375 0.0578125
20 0.2515625 0.27421875 0.04921875 0.078125
20 0.58671875 0.27265625 0.04453125 0.0578125
20 0.4078125 0.27890625 0.03828125 0.0578125
20 0.53984375 0.2875 0.0328125 0.0328125
20 0.5 0.28828125 0.03515625 0.0328125
20 0.459375 0.28984375 0.0359375 0.0328125
20 0.7390625 0.4171875 0.03515625 0.06015625
20 0.78359375 0.4171875 0.03984375 0.06015625
20 0.69453125 0.4171875 0.040625 0.0609375