20 0.7609375 0.16015625 0.0375 0.07421875
20 0.7171875 0.16015625 0.03984375 0.078125
20 0.14921875 0.30859375 0.0265625 0.08984375
20 0.11875 0.30859375 0.0296875 0.09140625
20 0.08515625 0.31015625 0.02890625 0.0921875
20 0.9046875 0.3171875 0.021875 0.0515625
20 0.8796875 0.31875 0.021875 0.053125
20 0.93046875 0.31875 0.021875 0.053125
20 0.859375 0.40234375 0.021875 0.0484375
20 0.8125 0.40390625 0.0203125 0.04921875
20 0.83515625 0.40234375 0.021875 0.0484375
20 0.265625 0.43984375 0.01953125 0.0328125
20 0.24296875 0.43984375 0.0203125 0.03359375
20 0.7859375 0.44140625 0.0375 0.0765625
20 0.74609375 0.4421875 0.03828125 0.08046875
20 0.89296875 0.446875 0.02734375 0.06875
20 0.9203125 0.44609375 0.02421875 0.06875
20 0.41796875 0.446875 0.03125 0.08984375
20 0.384375 0.4484375 0.0328125 0.08984375
20 0.56953125 0.453125 0.0375 0.06953125
20 0.865625 0.4546875 0.01953125 0.05078125
20 0.8171875 0.45546875 0.021875 0.0484375
20 0.84140625 0.45546875 0.021875 0.05078125
20 0.63828125 0.45546875 0.0296875 0.05859375
20 0.35234375 0.4578125 0.02734375 0.071875
20 0.6046875 0.4578125 0.02890625 0.0578125
20 0.321875 0.459375 0.02734375 0.0734375
20 0.290625 0.459375 0.0265625 0.071875
20 0.48828125 0.46171875 0.0265625 0.0609375
20 0.4546875 0.4625 0.03359375 0.0640625
20 0.23671875 0.47734375 0.01953125 0.03515625
20 0.259375 0.47734375 0.01953125 0.03359375