20 0.70703125 0.74609375 0.05546875 0.04453125
20 0.771875 0.7484375 0.05625 0.04453125
20 0.83671875 0.75390625 0.05625 0.04453125
20 0.90859375 0.75703125 0.06484375 0.0484375
20 0.8078125 0.08203125 0.084375 0.06953125
20 0.44609375 0.8453125 0.040625 0.0421875
20 0.48828125 0.84609375 0.0421875 0.04296875
20 0.71171875 0.08515625 0.08984375 0.0734375
20 0.5328125 0.85078125 0.040625 0.03828125
20 0.57578125 0.8546875 0.0375 0.03828125
20 0.62265625 0.85703125 0.04453125 0.03828125
20 0.6671875 0.8609375 0.03984375 0.0375
20 0.72109375 0.86171875 0.06484375 0.0484375
20 0.79296875 0.86640625 0.06953125 0.0453125
20 0.875 0.8703125 0.0734375 0.0453125
20 0.6234375 0.0890625 0.078125 0.071875
20 0.540625 0.0953125 0.07578125 0.07109375
20 0.46171875 0.09609375 0.07578125 0.06953125
20 0.37265625 0.10234375 0.07578125 0.0671875
20 0.30078125 0.10703125 0.06875 0.06640625
20 0.2234375 0.1109375 0.0734375 0.0640625
20 0.1546875 0.12265625 0.0578125 0.0421875
20 0.0890625 0.12734375 0.06484375 0.040625
20 0.02734375 0.13125 0.05390625 0.04453125
20 0.81875 0.37734375 0.0828125 0.07109375
20 0.915625 0.37890625 0.0828125 0.06953125
20 0.4171875 0.3796875 0.0765625 0.07421875
20 0.56484375 0.38125 0.07421875 0.06953125
20 0.4890625 0.38125 0.0765625 0.07109375
20 0.64921875 0.38203125 0.0796875 0.0609375
20 0.7296875 0.38359375 0.0828125 0.0578125
20 0.103125 0.384375 0.03828125 0.05859375
20 0.0609375 0.384375 0.03515625 0.0578125
20 0.0765625 0.4828125 0.046875 0.05390625
20 0.1265625 0.484375 0.046875 0.05390625
20 0.17890625 0.4859375 0.04921875 0.05390625
20 0.23046875 0.4859375 0.05078125 0.05390625
20 0.2828125 0.4859375 0.04453125 0.05390625
20 0.3265625 0.49140625 0.03984375 0.04296875
20 0.36328125 0.49296875 0.0375 0.0421875
20 0.40234375 0.49296875 0.0375 0.04296875
20 0.44609375 0.49296875 0.0375 0.0421875
20 0.49140625 0.49375 0.04296875 0.0421875
20 0.5375 0.4953125 0.0484375 0.04296875
20 0.584375 0.49609375 0.046875 0.0453125
20 0.6296875 0.49609375 0.046875 0.04453125
20 0.728125 0.49765625 0.04921875 0.04296875
20 0.77734375 0.49765625 0.053125 0.04453125
20 0.678125 0.49765625 0.05078125 0.04296875
20 0.828125 0.49765625 0.04296875 0.0484375
20 0.87734375 0.50703125 0.03515625 0.0265625
20 0.91796875 0.50859375 0.03984375 0.025
20 0.65234375 0.6 0.0359375 0.05625
20 0.5796875 0.60234375 0.0296875 0.0640625
20 0.61640625 0.60234375 0.02890625 0.0625
20 0.69140625 0.6046875 0.02890625 0.0640625
20 0.74609375 0.61171875 0.0734375 0.0515625
20 0.8265625 0.6140625 0.0765625 0.05625
20 0.91015625 0.61640625 0.08046875 0.05625
20 0.5765625 0.73828125 0.05625 0.0453125
20 0.64453125 0.74296875 0.06015625 0.04453125