20 0.2203125 0.86796875 0.0734375 0.0765625
20 0.68359375 0.88125 0.053125 0.05546875
20 0.5640625 0.88203125 0.0515625 0.0578125
20 0.6234375 0.884375 0.05078125 0.05859375
20 0.33671875 0.88359375 0.04296875 0.05078125
20 0.84609375 0.32421875 0.03984375 0.1
20 0.796875 0.32421875 0.03828125 0.0984375
20 0.75 0.3265625 0.046875 0.10078125
20 0.3421875 0.459375 0.053125 0.103125
20 0.40390625 0.46484375 0.0453125 0.09140625
20 0.353125 0.615625 0.06640625 0.09609375
20 0.42578125 0.625 0.05859375 0.07421875
20 0.49140625 0.625 0.05625 0.0765625
20 0.28125 0.63125 0.0640625 0.0640625
20 0.39453125 0.75 0.05078125 0.0796875
20 0.18359375 0.75390625 0.071875 0.0734375
20 0.33046875 0.759375 0.0609375 0.0609375
20 0.45078125 0.7609375 0.0421875 0.05546875
20 0.25859375 0.76171875 0.0625 0.05625
20 0.67578125 0.76328125 0.03359375 0.05625
20 0.71875 0.765625 0.03125 0.05625