20 0.975 0.35703125 0.0375 0.05078125
20 0.44921875 0.47265625 0.05625 0.08203125
20 0.50859375 0.4734375 0.053125 0.0828125
20 0.83203125 0.48046875 0.0484375 0.06484375
20 0.72578125 0.48046875 0.0609375 0.06484375
20 0.78359375 0.4828125 0.04453125 0.06640625
20 0.65625 0.48203125 0.06484375 0.0625
20 0.88359375 0.48203125 0.04921875 0.06875
20 0.34375 0.4828125 0.04453125 0.06484375
20 0.39296875 0.4828125 0.046875 0.06484375
20 0.97734375 0.4890625 0.03359375 0.0453125
20 0.2984375 0.490625 0.03125 0.05078125