20 0.08515625 0.765625 0.0359375 0.05625
20 0.2078125 0.7671875 0.03359375 0.053125
20 0.1265625 0.7671875 0.0359375 0.05390625
20 0.165625 0.76953125 0.03359375 0.053125
20 0.39765625 0.76953125 0.03828125 0.05078125
20 0.34765625 0.76953125 0.03828125 0.05078125
20 0.25234375 0.7703125 0.0421875 0.0515625
20 0.3015625 0.7703125 0.0375 0.053125
20 0.08671875 0.8953125 0.03984375 0.03359375
20 0.12734375 0.89921875 0.0375 0.03125
20 0.60546875 0.915625 0.0640625 0.05859375
20 0.4078125 0.9171875 0.06015625 0.0609375
20 0.47265625 0.9171875 0.0578125 0.0609375
20 0.5359375 0.9171875 0.0609375 0.06015625
20 0.7515625 0.91796875 0.0625 0.05859375
20 0.68046875 0.91796875 0.0640625 0.05859375
20 0.3421875 0.91796875 0.0609375 0.05859375
20 0.08984375 0.93046875 0.03984375 0.03515625
20 0.13203125 0.93359375 0.0375 0.03515625
20 0.40859375 0.18984375 0.08203125 0.0953125
20 0.07421875 0.1921875 0.08046875 0.09765625
20 0.49140625 0.1890625 0.0765625 0.09765625
20 0.32421875 0.19140625 0.07421875 0.0875
20 0.1578125 0.19375 0.08203125 0.0953125
20 0.24375 0.1921875 0.0765625 0.0890625
20 0.0796875 0.3390625 0.0640625 0.0890625
20 0.14453125 0.34375 0.05078125 0.0796875
20 0.3296875 0.3453125 0.05546875 0.07578125
20 0.453125 0.3453125 0.05546875 0.078125
20 0.2046875 0.3453125 0.053125 0.0765625
20 0.3921875 0.3453125 0.053125 0.0796875
20 0.2640625 0.3453125 0.05078125 0.08046875
20 0.21484375 0.47265625 0.053125 0.0984375
20 0.15 0.47265625 0.05078125 0.1
20 0.27734375 0.4734375 0.05078125 0.1
20 0.3375 0.47265625 0.0515625 0.09765625
20 0.0921875 0.475 0.05078125 0.0984375
20 0.39921875 0.475 0.053125 0.0984375
20 0.69609375 0.478125 0.03984375 0.08203125
20 0.546875 0.4796875 0.040625 0.08203125
20 0.4515625 0.4796875 0.04453125 0.08203125
20 0.6453125 0.48046875 0.0421875 0.084375
20 0.5 0.48046875 0.04296875 0.08046875
20 0.59609375 0.48046875 0.04296875 0.08203125