20 0.7296875 0.6390625 0.03359375 0.02734375
20 0.69609375 0.640625 0.0375 0.02890625
20 0.76796875 0.6421875 0.0375 0.03125
20 0.37890625 0.6515625 0.05078125 0.06953125
20 0.43125 0.6515625 0.04921875 0.071875
20 0.48046875 0.65234375 0.046875 0.07109375
20 0.52734375 0.66328125 0.040625 0.05078125
20 0.61328125 0.66484375 0.0421875 0.0515625
20 0.56953125 0.66484375 0.03984375 0.0515625
20 0.6578125 0.665625 0.03984375 0.053125
20 0.85 0.6671875 0.0375 0.04921875
20 0.8078125 0.66796875 0.03828125 0.0515625
20 0.696875 0.67421875 0.03515625 0.0296875
20 0.73203125 0.67578125 0.03828125 0.03125
20 0.7671875 0.67578125 0.0328125 0.02890625
20 0.5578125 0.75 0.06015625 0.07578125
20 0.62265625 0.7515625 0.06640625 0.07421875
20 0.6875 0.75234375 0.0671875 0.0734375
20 0.2984375 0.75234375 0.05859375 0.07421875
20 0.75234375 0.75234375 0.06640625 0.071875
20 0.8171875 0.75390625 0.0640625 0.0734375
20 0.3640625 0.75390625 0.06015625 0.07578125
20 0.428125 0.75390625 0.0625 0.0734375
20 0.23203125 0.7546875 0.0578125 0.05859375
20 0.49296875 0.75625 0.0625 0.0765625
20 0.1703125 0.759375 0.0578125 0.0609375
20 0.109375 0.7609375 0.05078125 0.05625
20 0.19921875 0.88359375 0.06640625 0.08671875
20 0.26328125 0.88671875 0.0609375 0.08515625
20 0.33046875 0.8921875 0.06484375 0.08203125
20 0.12109375 0.89453125 0.06640625 0.078125
20 0.571875 0.6078125 0.03984375 0.046875
20 0.52890625 0.609375 0.03984375 0.04921875
20 0.61328125 0.6109375 0.03984375 0.0453125
20 0.6546875 0.61171875 0.03828125 0.046875