20 0.6984375 0.8265625 0.06640625 0.053125
20 0.7671875 0.828125 0.06015625 0.04921875
20 0.62734375 0.8296875 0.06015625 0.0515625
20 0.85078125 0.875 0.084375 0.078125
20 0.5578125 0.88359375 0.07109375 0.08203125
20 0.94140625 0.88125 0.08515625 0.08046875
20 0.62734375 0.8921875 0.06640625 0.0609375
20 0.76953125 0.88828125 0.06875 0.0609375
20 0.696875 0.8890625 0.07109375 0.0640625
20 0.68046875 0.70703125 0.0796875 0.0921875
20 0.8640625 0.709375 0.0890625 0.08203125
20 0.77421875 0.71015625 0.09609375 0.08671875
20 0.60703125 0.7171875 0.0625 0.071875
20 0.5375 0.72734375 0.0515625 0.053125
20 0.46640625 0.7296875 0.05078125 0.0484375
20 0.4109375 0.7296875 0.0515625 0.0484375
20 0.35703125 0.740625 0.05078125 0.02890625