20 0.2484375 0.46875 0.09609375 0.1078125
20 0.34765625 0.4703125 0.0921875 0.11171875
20 0.546875 0.4703125 0.0875 0.109375
20 0.6515625 0.4703125 0.08984375 0.1109375
20 0.453125 0.4703125 0.08984375 0.11328125
20 0.13828125 0.47109375 0.09765625 0.11328125
20 0.75390625 0.475 0.0875 0.09765625
20 0.85078125 0.4796875 0.0890625 0.08515625
20 0.61328125 0.6625 0.0515625 0.06640625
20 0.6734375 0.6625 0.0578125 0.0671875
20 0.78984375 0.6609375 0.05546875 0.0671875
20 0.73203125 0.6625 0.0515625 0.06640625
20 0.49765625 0.6625 0.0515625 0.0671875
20 0.55546875 0.6625 0.05078125 0.0671875