20 0.25859375 0.384375 0.0625 0.05078125
20 0.32421875 0.384375 0.05546875 0.05078125
20 0.3953125 0.3859375 0.05546875 0.0484375
20 0.46171875 0.38671875 0.05546875 0.04921875
20 0.5265625 0.38671875 0.05625 0.0484375
20 0.5921875 0.38671875 0.05625 0.046875
20 0.66015625 0.38828125 0.05625 0.046875
20 0.72109375 0.38828125 0.0515625 0.0484375
20 0.78515625 0.3890625 0.05390625 0.0484375
20 0.91015625 0.390625 0.0515625 0.04921875
20 0.8484375 0.390625 0.05625 0.0484375
20 0.9671875 0.3921875 0.05390625 0.0515625
20 0.92890625 0.4640625 0.04296875 0.015625
20 0.8890625 0.46484375 0.0328125 0.0140625
20 0.6515625 0.4796875 0.0453125 0.03828125
20 0.7046875 0.48046875 0.04296875 0.0375
20 0.75390625 0.48046875 0.046875 0.0375
20 0.853125 0.48046875 0.0484375 0.0375
20 0.8015625 0.48203125 0.04296875 0.0375
20 0.9375 0.4890625 0.04296875 0.0203125
20 0.89921875 0.490625 0.03828125 0.01796875
20 0.88828125 0.6296875 0.03359375 0.03515625
20 0.84609375 0.63125 0.0375 0.03515625
20 0.80625 0.63125 0.0375 0.03515625
20 0.76171875 0.63203125 0.040625 0.0328125
20 0.68515625 0.6671875 0.06875 0.06640625
20 0.5515625 0.6671875 0.06484375 0.06640625
20 0.61796875 0.6671875 0.05859375 0.06640625
20 0.484375 0.66796875 0.05390625 0.06640625
20 0.90859375 0.6765625 0.040625 0.03828125
20 0.86796875 0.678125 0.0375 0.03984375
20 0.7828125 0.67890625 0.03828125 0.03828125
20 0.82421875 0.67890625 0.0375 0.0375
20 0.73828125 0.68046875 0.0375 0.0375
20 0.20703125 0.68359375 0.0734375 0.0515625
20 0.1296875 0.68515625 0.0734375 0.053125
20 0.05390625 0.68515625 0.07578125 0.05546875