20 0.11875 0.6453125 0.05078125 0.05859375
20 0.17578125 0.646875 0.053125 0.05859375
20 0.228125 0.6546875 0.04296875 0.04453125
20 0.28125 0.6546875 0.04453125 0.04453125
20 0.3328125 0.65625 0.04453125 0.046875
20 0.38125 0.6578125 0.0453125 0.04453125
20 0.4828125 0.66015625 0.040625 0.04453125
20 0.4328125 0.66015625 0.046875 0.046875
20 0.5296875 0.66015625 0.046875 0.04453125
20 0.20546875 0.759375 0.0734375 0.07578125
20 0.2859375 0.76328125 0.07578125 0.0734375
20 0.45078125 0.7640625 0.07578125 0.0734375
20 0.37265625 0.7640625 0.071875 0.071875
20 0.5265625 0.7703125 0.07109375 0.0625
20 0.6734375 0.78125 0.071875 0.0484375
20 0.60078125 0.78125 0.06640625 0.04453125
20 0.75 0.7859375 0.07421875 0.04296875
20 0.10234375 0.890625 0.0796875 0.08984375
20 0.18359375 0.89296875 0.07578125 0.0875
20 0.26328125 0.89453125 0.0796875 0.08203125
20 0.59765625 0.89921875 0.07421875 0.08203125
20 0.5171875 0.89921875 0.078125 0.0796875
20 0.34375 0.9 0.0734375 0.07421875
20 0.43125 0.9015625 0.08046875 0.0734375
20 0.67421875 0.90390625 0.0765625 0.0765625
20 0.75625 0.9046875 0.07421875 0.0734375
20 0.3375 0.5171875 0.06484375 0.07421875
20 0.1203125 0.5140625 0.06484375 0.078125
20 0.19609375 0.515625 0.06875 0.0765625
20 0.265625 0.5171875 0.0640625 0.078125
20 0.23828125 0.6046875 0.040625 0.03984375
20 0.29296875 0.60546875 0.0421875 0.03828125
20 0.34140625 0.60703125 0.04296875 0.040625
20 0.3921875 0.60703125 0.0421875 0.0421875