20 0.06640625 0.3703125 0.09375 0.0671875
20 0.165625 0.3765625 0.09375 0.0578125
20 0.26328125 0.37890625 0.0734375 0.053125
20 0.32578125 0.3859375 0.046875 0.0453125
20 0.7515625 0.39921875 0.04296875 0.02421875
20 0.8015625 0.46015625 0.0671875 0.0625
20 0.88125 0.46171875 0.06484375 0.0625
20 0.953125 0.46171875 0.06875 0.0609375
20 0.7328125 0.4640625 0.05859375 0.05546875
20 0.23046875 0.4671875 0.0453125 0.04453125
20 0.6140625 0.46875 0.0765625 0.04453125
20 0.67890625 0.4703125 0.040625 0.03828125