20 0.078125 0.42421875 0.0890625 0.0609375
20 0.17578125 0.42578125 0.08671875 0.0609375
20 0.26796875 0.4265625 0.084375 0.05859375
20 0.459375 0.428125 0.08515625 0.05859375
20 0.553125 0.428125 0.08203125 0.0609375
20 0.3609375 0.42890625 0.0875 0.0578125
20 0.8234375 0.43046875 0.07578125 0.0578125
20 0.7390625 0.43046875 0.0796875 0.05625
20 0.64921875 0.43046875 0.08203125 0.05546875
20 0.85 0.5671875 0.0609375 0.06953125
20 0.28125 0.5765625 0.05546875 0.0515625
20 0.33515625 0.5765625 0.05546875 0.0515625
20 0.5609375 0.5765625 0.04921875 0.05078125
20 0.39296875 0.5765625 0.05078125 0.0515625
20 0.7859375 0.5765625 0.05078125 0.04921875
20 0.44921875 0.5765625 0.0515625 0.0515625
20 0.50625 0.5765625 0.0515625 0.05078125
20 0.67578125 0.5765625 0.0515625 0.05078125
20 0.61640625 0.5765625 0.05078125 0.05078125
20 0.7296875 0.5765625 0.05078125 0.05078125
20 0.0828125 0.58515625 0.04296875 0.03515625
20 0.17890625 0.58671875 0.046875 0.03359375
20 0.228125 0.58671875 0.0453125 0.0328125
20 0.1296875 0.58671875 0.04296875 0.03359375