20 0.928125 0.1140625 0.03515625 0.0875
20 0.88671875 0.11640625 0.0328125 0.084375
20 0.84765625 0.11796875 0.0296875 0.08671875
20 0.8109375 0.11875 0.02734375 0.0875
20 0.77421875 0.1203125 0.0296875 0.0875
20 0.73203125 0.12109375 0.0328125 0.08984375
20 0.86171875 0.2203125 0.03359375 0.02734375
20 0.7828125 0.2203125 0.0328125 0.02421875
20 0.82109375 0.2203125 0.0296875 0.02890625
20 0.90625 0.22109375 0.0375 0.0296875
20 0.7390625 0.24609375 0.04296875 0.0609375
20 0.69609375 0.24765625 0.040625 0.05859375
20 0.6453125 0.2484375 0.03828125 0.06015625
20 0.59609375 0.25 0.040625 0.06015625
20 0.50234375 0.25390625 0.04296875 0.0609375
20 0.55390625 0.25234375 0.03984375 0.05859375
20 0.9171875 0.25390625 0.040625 0.03359375
20 0.4546875 0.2546875 0.03828125 0.0609375
20 0.8328125 0.2546875 0.0328125 0.0375
20 0.78984375 0.2546875 0.0375 0.03359375
20 0.87265625 0.2546875 0.0328125 0.0375
20 0.928125 0.34609375 0.06875 0.06875
20 0.85 0.35 0.0640625 0.0640625
20 0.77734375 0.35078125 0.06953125 0.06484375
20 0.696875 0.3546875 0.06953125 0.0625
20 0.74140625 0.4703125 0.05390625 0.0609375
20 0.91484375 0.47265625 0.0515625 0.07421875
20 0.85703125 0.4734375 0.05390625 0.0734375
20 0.80078125 0.47578125 0.05078125 0.071875
20 0.603125 0.47734375 0.06875 0.071875
20 0.67578125 0.4796875 0.06875 0.06953125
20 0.52421875 0.4796875 0.06484375 0.071875
20 0.453125 0.4796875 0.06640625 0.071875
20 0.37734375 0.4859375 0.071875 0.06640625
20 0.7703125 0.5890625 0.06953125 0.084375
20 0.8453125 0.5921875 0.07421875 0.08203125
20 0.91953125 0.59375 0.07421875 0.0828125