20 0.18125 0.12265625 0.05078125 0.09375
20 0.75859375 0.1234375 0.05546875 0.0921875
20 0.04453125 0.1390625 0.0328125 0.05546875
20 0.08515625 0.1390625 0.03515625 0.053125
20 0.13125 0.1421875 0.040625 0.05078125
20 0.4796875 0.26171875 0.046875 0.06953125
20 0.271875 0.26328125 0.0515625 0.0671875
20 0.32421875 0.26328125 0.04921875 0.06875
20 0.16484375 0.26328125 0.0515625 0.06640625
20 0.2171875 0.26328125 0.0515625 0.06875
20 0.42890625 0.26328125 0.046875 0.06640625
20 0.37734375 0.26328125 0.04921875 0.06640625
20 0.06953125 0.2703125 0.04296875 0.05078125
20 0.1140625 0.271875 0.03984375 0.05078125
20 0.29296875 0.375 0.06875 0.071875
20 0.1578125 0.3703125 0.0609375 0.0796875
20 0.08984375 0.3703125 0.071875 0.0796875
20 0.225 0.37734375 0.0640625 0.06015625
20 0.4171875 0.38125 0.05546875 0.0578125
20 0.359375 0.38203125 0.05546875 0.05546875
20 0.475 0.38203125 0.0515625 0.05390625
20 0.53125 0.38359375 0.04921875 0.05078125