20 0.25390625 0.85 0.05390625 0.05625
20 0.3125 0.85 0.04921875 0.05546875
20 0.18046875 0.35078125 0.03984375 0.053125
20 0.10078125 0.35078125 0.03515625 0.05390625
20 0.25703125 0.35078125 0.03515625 0.05390625
20 0.21875 0.35234375 0.03359375 0.05546875
20 0.33046875 0.35234375 0.03515625 0.053125
20 0.2953125 0.35234375 0.03359375 0.0515625
20 0.140625 0.35234375 0.03515625 0.0515625
20 0.859375 0.396875 0.0609375 0.08671875
20 0.634375 0.39765625 0.0671875 0.08046875
20 0.78828125 0.39921875 0.0671875 0.084375
20 0.7125 0.39921875 0.06875 0.084375
20 0.5609375 0.39921875 0.0640625 0.084375
20 0.49140625 0.39921875 0.07109375 0.08671875
20 0.06484375 0.4109375 0.03828125 0.0515625
20 0.15 0.4109375 0.0359375 0.0515625
20 0.11171875 0.4125 0.03515625 0.053125
20 0.3125 0.4125 0.0359375 0.053125
20 0.2328125 0.4125 0.03828125 0.05625
20 0.1921875 0.4125 0.03515625 0.05546875
20 0.275 0.41328125 0.03515625 0.05390625
20 0.41328125 0.5578125 0.0484375 0.071875
20 0.3609375 0.5578125 0.05078125 0.07421875
20 0.3015625 0.55859375 0.0515625 0.06484375
20 0.2484375 0.56015625 0.04921875 0.06875
20 0.75 0.67578125 0.03515625 0.0328125
20 0.78515625 0.6765625 0.0359375 0.02890625
20 0.71171875 0.678125 0.03515625 0.02734375
20 0.63125 0.7078125 0.03515625 0.05078125
20 0.671875 0.709375 0.040625 0.04921875
20 0.5890625 0.709375 0.0375 0.05078125
20 0.5453125 0.71015625 0.0359375 0.0484375
20 0.75390625 0.7203125 0.03984375 0.02734375
20 0.7953125 0.72109375 0.03515625 0.02734375
20 0.7171875 0.72265625 0.0359375 0.02734375
20 0.83046875 0.72265625 0.0296875 0.0265625