20 0.3546875 0.375 0.08984375 0.0875
20 0.45078125 0.3765625 0.0890625 0.0875
20 0.0796875 0.3796875 0.05625 0.0796875
20 0.15 0.3796875 0.05625 0.07421875
20 0.53828125 0.3859375 0.06875 0.0671875
20 0.615625 0.38671875 0.071875 0.06640625
20 0.6921875 0.38828125 0.07109375 0.0671875
20 0.2140625 0.3921875 0.046875 0.053125
20 0.27421875 0.3921875 0.0515625 0.05078125
20 0.8796875 0.396875 0.0890625 0.05546875
20 0.75703125 0.40625 0.046875 0.0296875
20 0.81015625 0.40625 0.0421875 0.02734375
20 0.74765625 0.49375 0.0890625 0.07109375
20 0.31484375 0.4984375 0.07109375 0.0640625
20 0.3953125 0.4984375 0.06875 0.0640625
20 0.57109375 0.5015625 0.08046875 0.05390625
20 0.484375 0.50234375 0.08203125 0.05546875
20 0.6625 0.50234375 0.0796875 0.05390625
20 0.18359375 0.50703125 0.05390625 0.0484375
20 0.11875 0.50703125 0.06015625 0.0453125
20 0.2453125 0.50859375 0.0515625 0.0453125