24 0.7203125 0.7828125 0.06953125 0.271875
24 0.4421875 0.47109375 0.071875 0.2765625
24 0.51328125 0.47109375 0.071875 0.2765625
24 0.5875 0.4703125 0.06953125 0.2765625
24 0.65859375 0.4703125 0.071875 0.2765625
24 0.73046875 0.4703125 0.06953125 0.2765625
24 0.80390625 0.46640625 0.071875 0.2765625
24 0.93984375 0.4671875 0.071875 0.2765625
24 0.02734375 0.78515625 0.0546875 0.2640625
24 0.0890625 0.78359375 0.0671875 0.26171875
24 0.1578125 0.78515625 0.06953125 0.2671875
24 0.228125 0.7859375 0.07421875 0.271875
24 0.3015625 0.78515625 0.071875 0.271875
24 0.37109375 0.78515625 0.0671875 0.271875
24 0.43984375 0.78515625 0.0671875 0.271875
24 0.50703125 0.7828125 0.0671875 0.271875
24 0.578125 0.78359375 0.07421875 0.27421875
24 0.6515625 0.78359375 0.0671875 0.271875
24 0.3703125 0.47109375 0.071875 0.2765625
24 0.79296875 0.7828125 0.07421875 0.271875
24 0.865625 0.78125 0.071875 0.271875
24 0.9328125 0.7765625 0.06015625 0.259375
24 0.98046875 0.77734375 0.03828125 0.26171875
24 0.2984375 0.47265625 0.071875 0.27890625
24 0.22578125 0.47109375 0.071875 0.27890625
24 0.15390625 0.47109375 0.0765625 0.28125
24 0.08046875 0.47109375 0.06953125 0.27890625
24 0.02265625 0.47265625 0.0453125 0.27890625
24 0.9671875 0.1453125 0.06484375 0.28359375
24 0.89765625 0.1453125 0.0765625 0.2859375
24 0.821875 0.14765625 0.07421875 0.28359375
24 0.7484375 0.14765625 0.07421875 0.2859375
24 0.66796875 0.14765625 0.07421875 0.28828125
24 0.5953125 0.14921875 0.06953125 0.28828125
24 0.52265625 0.14921875 0.07421875 0.28828125
24 0.45078125 0.15 0.071875 0.28828125
24 0.37890625 0.14921875 0.071875 0.28828125
24 0.30625 0.146875 0.07421875 0.290625
24 0.2328125 0.14921875 0.07421875 0.290625
24 0.15859375 0.14765625 0.0765625 0.29296875
24 0.0828125 0.14765625 0.07421875 0.29296875
24 0.02265625 0.146875 0.0453125 0.290625