24 0.3796875 0.6890625 0.0453125 0.271875
24 0.4375 0.6921875 0.05078125 0.27890625
24 0.4890625 0.69375 0.053125 0.28359375
24 0.53984375 0.69453125 0.053125 0.28125
24 0.59140625 0.68984375 0.053125 0.27890625
24 0.6421875 0.6859375 0.0484375 0.271875
24 0.6875 0.68125 0.0453125 0.2671875
24 0.73046875 0.67421875 0.04296875 0.25703125
24 0.77421875 0.66953125 0.04296875 0.2546875
24 0.8171875 0.6625 0.04296875 0.24765625
24 0.859375 0.6578125 0.040625 0.23828125
24 0.896875 0.65 0.0359375 0.23046875
24 0.93125 0.64453125 0.03359375 0.22109375
24 0.05390625 0.31015625 0.0578125 0.2671875
24 0.1203125 0.30078125 0.071875 0.28125
24 0.25390625 0.28125 0.07421875 0.32421875
24 0.3375 0.2765625 0.0765625 0.334375
24 0.41953125 0.26953125 0.08203125 0.353125
24 0.50859375 0.2671875 0.0796875 0.3609375
24 0.5921875 0.2671875 0.08671875 0.3578125
24 0.6859375 0.275 0.084375 0.34140625
24 0.765625 0.28125 0.07421875 0.3265625
24 0.83984375 0.2921875 0.06953125 0.3078125
24 0.9078125 0.30078125 0.06484375 0.29296875
24 0.0578125 0.6296875 0.03125 0.2140625
24 0.09140625 0.63671875 0.03359375 0.22109375
24 0.12890625 0.6421875 0.03828125 0.2234375
24 0.165625 0.64921875 0.03828125 0.2328125
24 0.20546875 0.65625 0.040625 0.23828125
24 0.2453125 0.66328125 0.040625 0.24765625
24 0.2875 0.67578125 0.0453125 0.259375
24 0.3328125 0.6828125 0.0453125 0.26171875