24 0.3078125 0.23828125 0.0484375 0.3265625
24 0.96015625 0.17578125 0.0765625 0.34375
24 0.8640625 0.17578125 0.10546875 0.35078125
24 0.759375 0.1828125 0.10546875 0.365625
24 0.6609375 0.1875 0.09140625 0.375
24 0.57421875 0.19140625 0.08671875 0.38203125
24 0.5015625 0.2015625 0.0671875 0.3703125
24 0.44375 0.228125 0.05546875 0.32421875
24 0.3703125 0.225 0.07421875 0.34140625
24 0.25703125 0.24609375 0.0578125 0.31484375
24 0.2140625 0.25859375 0.0453125 0.2953125
24 0.1828125 0.26953125 0.03828125 0.27890625
24 0.1421875 0.2765625 0.05078125 0.26953125
24 0.09375 0.2828125 0.05078125 0.2671875
24 0.95546875 0.678125 0.084375 0.509375
24 0.853125 0.68046875 0.12265625 0.50234375
24 0.725 0.671875 0.1078125 0.47109375
24 0.6234375 0.65625 0.09375 0.4375
24 0.5359375 0.6453125 0.084375 0.41328125
24 0.4578125 0.63671875 0.071875 0.38671875
24 0.3890625 0.62734375 0.06484375 0.3703125
24 0.33515625 0.61875 0.06015625 0.34375
24 0.27734375 0.61171875 0.0578125 0.3296875
24 0.23203125 0.60546875 0.05546875 0.31484375
24 0.1890625 0.60078125 0.05078125 0.2984375
24 0.146875 0.5953125 0.05078125 0.28828125
24 0.109375 0.58984375 0.0484375 0.27421875
24 0.07578125 0.58515625 0.0484375 0.26171875
24 0.1578125 0.86171875 0.04296875 0.13671875
24 0.12109375 0.85703125 0.03359375 0.14921875
24 0.08671875 0.853125 0.03828125 0.1609375