25 0.94921875 0.9796875 0.10078125 0.03828125
25 0.94453125 0.88828125 0.10234375 0.1203125
25 0.928125 0.78515625 0.084375 0.08203125
25 0.921875 0.7046875 0.071875 0.0734375
25 0.9015625 0.62734375 0.06875 0.08203125
25 0.8859375 0.5640625 0.0640625 0.07421875
25 0.76796875 0.55546875 0.171875 0.0640625
25 0.77890625 0.6234375 0.18046875 0.071875
25 0.78359375 0.71640625 0.196875 0.11640625
25 0.76953125 0.83203125 0.1828125 0.078125
25 0.78359375 0.92890625 0.19140625 0.11796875
25 0.7609375 0.990625 0.14453125 0.01796875
25 0.59375 0.55078125 0.16953125 0.07109375
25 0.421875 0.5734375 0.1703125 0.11875
25 0.59609375 0.64296875 0.17890625 0.1140625
25 0.59609375 0.76953125 0.16953125 0.1109375
25 0.4265625 0.7046875 0.1609375 0.103125
25 0.428125 0.79921875 0.15859375 0.06875
25 0.43359375 0.86875 0.1609375 0.06875
25 0.5953125 0.87890625 0.1625 0.07578125
25 0.428125 0.94609375 0.16328125 0.07578125
25 0.5921875 0.95546875 0.16328125 0.08046875
25 0.421875 0.99296875 0.1671875 0.01328125
25 0.24296875 0.65234375 0.178125 0.11875
25 0.25234375 0.55390625 0.1703125 0.0734375
25 0.25390625 0.759375 0.16796875 0.0734375
25 0.24375 0.83046875 0.1734375 0.07578125
25 0.2359375 0.9109375 0.17421875 0.0828125
25 0.08515625 0.57109375 0.16953125 0.12265625