20 0.36328125 0.25 0.08203125 0.115625
20 0.2828125 0.2609375 0.06875 0.0953125
20 0.20546875 0.26171875 0.0625 0.09375
20 0.8453125 0.26953125 0.06015625 0.0671875
20 0.91484375 0.26953125 0.0578125 0.071875
20 0.22578125 0.4 0.06875 0.06015625
20 0.15234375 0.4015625 0.06953125 0.0625
20 0.078125 0.4015625 0.06640625 0.06015625
20 0.73828125 0.4046875 0.05078125 0.0375
20 0.609375 0.4078125 0.04921875 0.03515625
20 0.67578125 0.4078125 0.0484375 0.0359375
20 0.5484375 0.4078125 0.05078125 0.0359375
20 0.2953125 0.40859375 0.0515625 0.0359375
20 0.35703125 0.40859375 0.05390625 0.0375
20 0.48671875 0.41015625 0.04921875 0.03828125
20 0.421875 0.41015625 0.05390625 0.03828125
20 0.6671875 0.55546875 0.08515625 0.08046875
20 0.5796875 0.55546875 0.08203125 0.0796875
20 0.49765625 0.55625 0.084375 0.08046875
20 0.04296875 0.5640625 0.0859375 0.071875
20 0.8953125 0.5640625 0.06875 0.0609375
20 0.82109375 0.56484375 0.06875 0.0609375
20 0.74765625 0.56484375 0.06953125 0.0609375
20 0.1296875 0.56640625 0.0875 0.06875
20 0.5734375 0.1 0.13125 0.09765625
20 0.696875 0.10546875 0.11875 0.0734375
20 0.81875 0.109375 0.11875 0.071875