24 0.18359375 0.47734375 0.0625 0.321875
24 0.24765625 0.47578125 0.06484375 0.32421875
24 0.3109375 0.47734375 0.0625 0.32421875
24 0.3765625 0.478125 0.06484375 0.32421875
24 0.44140625 0.47734375 0.06484375 0.321875
24 0.5046875 0.4796875 0.0625 0.321875
24 0.56953125 0.478125 0.0671875 0.321875
24 0.6359375 0.478125 0.0671875 0.321875
24 0.703125 0.4796875 0.0671875 0.31953125
24 0.76796875 0.48203125 0.06484375 0.3171875
24 0.834375 0.48203125 0.0671875 0.31484375
24 0.89921875 0.4859375 0.06484375 0.30546875
24 0.9640625 0.48828125 0.0671875 0.3078125
24 0.05078125 0.1390625 0.0671875 0.278125
24 0.11640625 0.13828125 0.0671875 0.2765625
24 0.18046875 0.1390625 0.0703125 0.278125
24 0.24765625 0.13828125 0.06484375 0.2765625
24 0.3125 0.13828125 0.06484375 0.2765625
24 0.37734375 0.1390625 0.06484375 0.2765625
24 0.4421875 0.13828125 0.06484375 0.2765625
24 0.50703125 0.13828125 0.06484375 0.2765625
24 0.571875 0.13828125 0.06484375 0.2765625
24 0.63671875 0.1390625 0.06484375 0.2765625
24 0.69921875 0.1390625 0.0671875 0.278125
24 0.765625 0.13828125 0.06484375 0.2765625
24 0.8296875 0.1390625 0.06484375 0.2765625
24 0.89296875 0.13828125 0.0625 0.2765625
24 0.959375 0.13828125 0.0671875 0.2765625
24 0.11796875 0.47734375 0.06484375 0.31953125
24 0.05390625 0.478125 0.06484375 0.31953125
24 0.96875 0.84140625 0.0625 0.31484375
24 0.90625 0.828125 0.0671875 0.34375
24 0.83984375 0.828125 0.06484375 0.33671875
24 0.77421875 0.828125 0.0671875 0.334375
24 0.709375 0.83046875 0.0671875 0.334375
24 0.64453125 0.8328125 0.06484375 0.3265625
24 0.5796875 0.8328125 0.06484375 0.3296875
24 0.515625 0.834375 0.06484375 0.3296875
24 0.44921875 0.83203125 0.06953125 0.3296875
24 0.38203125 0.83046875 0.06953125 0.334375
24 0.31640625 0.8328125 0.0625 0.32421875
24 0.25234375 0.83671875 0.06484375 0.3171875
24 0.0578125 0.83515625 0.06484375 0.3171875
24 0.1875 0.83984375 0.06484375 0.31484375
24 0.12265625 0.8390625 0.06484375 0.31484375