25 0.65 0.48203125 0.4890625 0.10078125
25 0.646875 0.4203125 0.48046875 0.10546875
25 0.66953125 0.35546875 0.47265625 0.10703125
25 0.678125 0.296875 0.446875 0.09765625
25 0.68515625 0.24140625 0.42890625 0.09375
25 0.49609375 0.9421875 0.58515625 0.115625
25 0.5109375 0.87109375 0.55625 0.13203125
25 0.5375 0.78359375 0.59609375 0.1546875
25 0.56484375 0.68515625 0.428125 0.134375
25 0.0984375 0.9046875 0.196875 0.1078125
25 0.1078125 0.72265625 0.215625 0.1171875
25 0.12890625 0.640625 0.25703125 0.11328125
25 0.14453125 0.56875 0.2875 0.09375
25 0.24296875 0.31015625 0.4 0.1078125
25 0.25625 0.265625 0.39296875 0.07578125
25 0.27890625 0.225 0.40234375 0.08203125
25 0.225 0.38828125 0.415625 0.1359375