24 0.5203125 0.5609375 0.08671875 0.28125
24 0.04453125 0.16484375 0.08203125 0.2953125
24 0.1265625 0.165625 0.08203125 0.290625
24 0.21171875 0.16484375 0.0890625 0.29296875
24 0.29921875 0.16484375 0.08671875 0.28359375
24 0.384375 0.16015625 0.08671875 0.28828125
24 0.47109375 0.16015625 0.08671875 0.28125
24 0.55390625 0.1609375 0.084375 0.28125
24 0.640625 0.15625 0.0890625 0.28359375
24 0.72734375 0.15625 0.08671875 0.28359375
24 0.8140625 0.1609375 0.08671875 0.28125
24 0.9 0.16015625 0.08671875 0.28125
24 0.0359375 0.5640625 0.071875 0.28359375
24 0.11171875 0.55625 0.0765625 0.27890625
24 0.1921875 0.5625 0.08671875 0.28125
24 0.27734375 0.56015625 0.084375 0.28125
24 0.36328125 0.55546875 0.0890625 0.28125
24 0.4421875 0.56015625 0.06953125 0.28125
24 0.609375 0.56015625 0.0890625 0.28125
24 0.7921875 0.5609375 0.084375 0.27890625
24 0.8765625 0.55859375 0.08671875 0.2765625
24 0.03515625 0.8484375 0.06953125 0.28125
24 0.11171875 0.8453125 0.084375 0.28828125
24 0.19453125 0.8453125 0.08203125 0.28828125
24 0.27890625 0.8484375 0.084375 0.290625
24 0.365625 0.8453125 0.08671875 0.29296875
24 0.4421875 0.83984375 0.06953125 0.28125
24 0.521875 0.84375 0.0890625 0.2859375
24 0.6109375 0.8421875 0.0890625 0.28359375
24 0.70703125 0.83671875 0.08671875 0.290625
24 0.790625 0.83984375 0.084375 0.28125
24 0.8765625 0.84140625 0.08671875 0.2859375
24 0.95859375 0.8390625 0.0828125 0.2875