25 0.4734375 0.94453125 0.28984375 0.078125
25 0.7640625 0.9625 0.2828125 0.07421875
25 0.7640625 0.91015625 0.2765625 0.07421875
25 0.85546875 0.6671875 0.23203125 0.084375
25 0.26328125 0.56953125 0.3421875 0.0890625
25 0.2546875 0.62734375 0.34140625 0.0765625
25 0.24375 0.66953125 0.33984375 0.0734375
25 0.2359375 0.71171875 0.33984375 0.071875
25 0.23046875 0.7484375 0.3375 0.0671875
25 0.02734375 0.72734375 0.0546875 0.0421875
25 0.0328125 0.69375 0.06484375 0.0484375
25 0.03359375 0.6390625 0.06640625 0.08046875
25 0.046875 0.56640625 0.0921875 0.08203125
25 0.046875 0.44921875 0.0875 0.05546875
25 0.0578125 0.3859375 0.0890625 0.0796875
25 0.0734375 0.3140625 0.08671875 0.06875
25 0.634375 0.5 0.35703125 0.08203125
25 0.64921875 0.44609375 0.37109375 0.0828125
25 0.66484375 0.38359375 0.384375 0.1140625
25 0.92421875 0.4703125 0.15 0.071875
25 0.93046875 0.4125 0.13671875 0.071875
25 0.9203125 0.52421875 0.15625 0.0609375
25 0.2796875 0.41796875 0.36171875 0.0765625
25 0.28515625 0.36328125 0.3796875 0.08984375
25 0.315625 0.040625 0.3375 0.08125