24 0.28984375 0.5375 0.06015625 0.34140625
24 0.046875 0.13359375 0.0578125 0.2671875
24 0.09140625 0.13359375 0.0484375 0.2671875
24 0.140625 0.13125 0.053125 0.26171875
24 0.1921875 0.13125 0.05078125 0.26171875
24 0.23828125 0.13203125 0.0453125 0.26171875
24 0.28125 0.13203125 0.0453125 0.2640625
24 0.3296875 0.13125 0.05078125 0.26171875
24 0.46015625 0.1296875 0.0578125 0.259375
24 0.5171875 0.13125 0.053125 0.26171875
24 0.57109375 0.13125 0.05546875 0.26171875
24 0.6265625 0.1296875 0.05546875 0.259375
24 0.68359375 0.13125 0.0578125 0.26171875
24 0.73046875 0.13203125 0.0359375 0.2640625
24 0.77734375 0.13359375 0.0578125 0.2671875
24 0.83359375 0.134375 0.0578125 0.26875
24 0.878125 0.134375 0.053125 0.26875
24 0.93203125 0.134375 0.0578125 0.26875
24 0.978125 0.1359375 0.03828125 0.271875
24 0.0421875 0.525 0.0578125 0.31953125
24 0.09609375 0.52421875 0.05546875 0.31953125
24 0.14296875 0.52421875 0.040625 0.31953125
24 0.178125 0.5359375 0.06015625 0.3390625
24 0.23671875 0.53828125 0.0578125 0.33671875
24 0.34765625 0.5359375 0.06015625 0.334375
24 0.39765625 0.53828125 0.0578125 0.34140625
24 0.453125 0.53828125 0.0578125 0.3390625
24 0.50703125 0.5375 0.0578125 0.34375
24 0.5625 0.5375 0.05546875 0.34140625
24 0.61640625 0.5375 0.05546875 0.34140625
24 0.6703125 0.5375 0.05546875 0.3390625
24 0.7296875 0.53984375 0.05546875 0.334375
24 0.78125 0.53828125 0.0578125 0.33671875
24 0.83515625 0.5421875 0.0578125 0.33671875
24 0.88359375 0.53828125 0.053125 0.3265625
24 0.93515625 0.53984375 0.06015625 0.33203125
24 0.97734375 0.5359375 0.04296875 0.32421875
24 0.1109375 0.8125 0.1078125 0.103125
24 0.11640625 0.9171875 0.103125 0.103125
24 0.22109375 0.9 0.1078125 0.13671875
24 0.3265625 0.8140625 0.1078125 0.11328125
24 0.328125 0.9171875 0.10546875 0.103125
24 0.43359375 0.8109375 0.1078125 0.103125
24 0.43359375 0.91328125 0.1078125 0.10078125
24 0.5328125 0.8171875 0.09140625 0.11328125
24 0.5328125 0.9171875 0.09140625 0.09609375
24 0.6296875 0.7984375 0.10546875 0.0765625
24 0.63671875 0.9109375 0.11796875 0.146875
24 0.759375 0.81015625 0.10546875 0.10546875
24 0.75390625 0.9125 0.10078125 0.103125
24 0.85078125 0.78515625 0.07421875 0.06015625
24 0.84765625 0.86328125 0.084375 0.09375
24 0.8453125 0.953125 0.084375 0.0890625
24 0.95703125 0.80390625 0.084375 0.09609375
24 0.95546875 0.9015625 0.0890625 0.103125