24 0.8859375 0.359375 0.0484375 0.1828125
24 0.9125 0.72265625 0.09375 0.31015625
24 0.84140625 0.725 0.07421875 0.290625
24 0.978125 0.10078125 0.04296875 0.19921875
24 0.77265625 0.72109375 0.06484375 0.28828125
24 0.93046875 0.10078125 0.05078125 0.2015625
24 0.053125 0.359375 0.0484375 0.18515625
24 0.10078125 0.3609375 0.0484375 0.18515625
24 0.9359375 0.35703125 0.053125 0.18515625
24 0.3109375 0.7171875 0.06015625 0.28359375
24 0.2515625 0.71875 0.0625 0.28828125
24 0.1875 0.72109375 0.06484375 0.28828125
24 0.1265625 0.725 0.06015625 0.29296875
24 0.0578125 0.7296875 0.0765625 0.290625
24 0.98046875 0.35078125 0.0359375 0.19921875
24 0.3375 0.35546875 0.04296875 0.196875
24 0.296875 0.3578125 0.04296875 0.18984375
24 0.24765625 0.36171875 0.0453125 0.1828125
24 0.20078125 0.36171875 0.0453125 0.1828125
24 0.15 0.3609375 0.0484375 0.1828125