24 0.6625 0.11640625 0.05078125 0.1515625
24 0.146875 0.48203125 0.09609375 0.05078125
24 0.14765625 0.428125 0.10546875 0.05546875
24 0.053125 0.48046875 0.09375 0.053125
24 0.046875 0.42578125 0.09375 0.0578125
24 0.97578125 0.2984375 0.0484375 0.15390625
24 0.928125 0.2953125 0.05078125 0.14921875
24 0.8796875 0.2984375 0.05078125 0.15390625
24 0.8328125 0.2984375 0.05078125 0.15390625
24 0.78515625 0.2984375 0.0484375 0.15390625
24 0.73671875 0.296875 0.0484375 0.15625
24 0.6890625 0.2984375 0.0484375 0.15390625
24 0.6421875 0.2984375 0.05078125 0.15625
24 0.5921875 0.29921875 0.0484375 0.15390625
24 0.5453125 0.29921875 0.0484375 0.15390625
24 0.49765625 0.29921875 0.0484375 0.15390625
24 0.44921875 0.29921875 0.05078125 0.15390625
24 0.41015625 0.296875 0.0359375 0.1421875
24 0.3703125 0.296875 0.04296875 0.1421875
24 0.328125 0.2953125 0.04296875 0.1390625
24 0.27734375 0.2984375 0.0484375 0.146875
24 0.23046875 0.2984375 0.0453125 0.14921875
24 0.17578125 0.2953125 0.05078125 0.146875
24 0.1265625 0.296875 0.0484375 0.146875
24 0.07421875 0.2984375 0.06015625 0.15390625
24 0.02265625 0.2984375 0.0453125 0.15390625
24 0.75703125 0.11640625 0.0484375 0.1515625
24 0.709375 0.11796875 0.0453125 0.1515625
24 0.2484375 0.421875 0.08203125 0.0484375
24 0.61171875 0.11640625 0.05078125 0.14921875
24 0.546875 0.1234375 0.0453125 0.1421875
24 0.5 0.11796875 0.0484375 0.1515625
24 0.4515625 0.11796875 0.0484375 0.1515625
24 0.40625 0.11796875 0.0484375 0.14921875
24 0.35703125 0.115625 0.05078125 0.15625
24 0.30859375 0.11640625 0.0484375 0.15625
24 0.2609375 0.11640625 0.0484375 0.15390625
24 0.2125 0.11796875 0.0484375 0.15390625
24 0.1453125 0.115625 0.0484375 0.15390625
24 0.0984375 0.11171875 0.0484375 0.14453125
24 0.05078125 0.11328125 0.0484375 0.14453125
24 0.74609375 0.48046875 0.103125 0.053125
24 0.74765625 0.428125 0.103125 0.0578125
24 0.64296875 0.478125 0.0984375 0.0578125
24 0.64921875 0.4203125 0.09609375 0.0484375
24 0.53515625 0.4828125 0.0984375 0.053125
24 0.5375 0.42890625 0.09609375 0.05546875
24 0.4390625 0.47265625 0.09375 0.05078125
24 0.44140625 0.421875 0.09375 0.0484375
24 0.34140625 0.4828125 0.10078125 0.053125
24 0.33984375 0.428125 0.103125 0.0578125
24 0.24140625 0.4796875 0.09609375 0.06015625