24 0.6625 0.06875 0.0484375 0.12265625
24 0.61640625 0.0671875 0.0453125 0.1203125
24 0.61796875 0.1859375 0.13203125 0.115625
24 0.4859375 0.06875 0.12734375 0.115625
24 0.48671875 0.1859375 0.1296875 0.11328125
24 0.3546875 0.06875 0.13671875 0.1203125
24 0.3546875 0.1875 0.13203125 0.115625
24 0.26171875 0.1234375 0.05078125 0.2453125
24 0.2125 0.12265625 0.053125 0.2453125
24 0.0671875 0.19453125 0.04296875 0.1109375
24 0.58984375 0.44375 0.06015625 0.31484375
24 0.5296875 0.4421875 0.0578125 0.31015625
24 0.47265625 0.4421875 0.05546875 0.31484375
24 0.415625 0.44453125 0.05546875 0.31015625
24 0.09375 0.80546875 0.0671875 0.3390625
24 0.15625 0.80859375 0.06015625 0.34140625
24 0.21875 0.80859375 0.0671875 0.34375
24 0.28515625 0.8109375 0.0671875 0.34140625
24 0.35078125 0.8109375 0.0671875 0.34140625
24 0.41328125 0.81484375 0.06015625 0.3484375
24 0.478125 0.81640625 0.0671875 0.3484375
24 0.5453125 0.81875 0.0671875 0.35078125
24 0.571875 0.06640625 0.0453125 0.11796875
24 0.303125 0.4484375 0.05546875 0.30078125
24 0.24609375 0.446875 0.0578125 0.2984375
24 0.18984375 0.446875 0.0578125 0.2984375
24 0.13359375 0.446875 0.0578125 0.2984375
24 0.078125 0.44609375 0.0578125 0.2984375
24 0.87734375 0.81953125 0.07421875 0.3484375
24 0.8109375 0.81953125 0.06953125 0.353125
24 0.74296875 0.81875 0.06953125 0.353125
24 0.6765625 0.81875 0.06484375 0.353125
24 0.61328125 0.8171875 0.06484375 0.353125
24 0.359375 0.446875 0.0578125 0.2984375