20 0.26953125 0.2671875 0.0796875 0.08984375
20 0.19140625 0.2671875 0.07578125 0.0875
20 0.109375 0.2671875 0.08671875 0.0875
20 0.34765625 0.2671875 0.078125 0.08984375
20 0.03359375 0.26796875 0.0671875 0.0921875
20 0.725 0.2828125 0.04921875 0.0515625
20 0.6703125 0.2828125 0.0453125 0.05390625
20 0.78359375 0.2828125 0.0484375 0.053125
20 0.7515625 0.3546875 0.05625 0.04296875
20 0.8109375 0.353125 0.05625 0.04453125
20 0.8734375 0.3546875 0.05546875 0.04296875
20 0.4546875 0.37890625 0.0421875 0.02890625
20 0.50390625 0.37890625 0.0515625 0.03125
20 0.3484375 0.3796875 0.0515625 0.02734375
20 0.4 0.3796875 0.0484375 0.02890625
20 0.296875 0.3796875 0.0453125 0.0265625
20 0.1140625 0.39453125 0.0921875 0.06484375
20 0.21875 0.39453125 0.09765625 0.0734375
20 0.0265625 0.3953125 0.053125 0.06875
20 0.94140625 0.39453125 0.071875 0.06484375
20 0.8109375 0.4015625 0.0578125 0.05078125
20 0.87109375 0.40234375 0.0578125 0.05078125
20 0.75 0.40234375 0.06015625 0.04921875
20 0.66953125 0.4015625 0.0890625 0.0515625
20 0.58046875 0.40390625 0.0875 0.05078125
20 0.50703125 0.4109375 0.04296875 0.02734375
20 0.35078125 0.4109375 0.0453125 0.0265625
20 0.40234375 0.4125 0.0453125 0.0265625
20 0.45546875 0.4125 0.05390625 0.0296875
20 0.2984375 0.41328125 0.0453125 0.02890625
20 0.9734375 0.4703125 0.053125 0.0359375
20 0.85546875 0.4703125 0.05390625 0.03984375
20 0.915625 0.4703125 0.05390625 0.03984375
20 0.7921875 0.47109375 0.0515625 0.03984375
20 0.11328125 0.5046875 0.09609375 0.07421875
20 0.209375 0.5046875 0.10078125 0.0734375
20 0.0296875 0.50390625 0.059375 0.0734375
20 0.6859375 0.50703125 0.09765625 0.0671875
20 0.58671875 0.509375 0.09609375 0.0609375
20 0.4828125 0.5109375 0.09375 0.0640625
20 0.30625 0.51171875 0.078125 0.05625
20 0.3953125 0.51328125 0.078125 0.053125
20 0.8296875 0.515625 0.0515625 0.046875
20 0.890625 0.5171875 0.05625 0.04296875
20 0.95078125 0.51796875 0.0609375 0.04296875
20 0.765625 0.51796875 0.0515625 0.04921875
20 0.7296875 0.22578125 0.0484375 0.05390625
20 0.66953125 0.22578125 0.0515625 0.05546875
20 0.7859375 0.22578125 0.04921875 0.05390625