24 0.0640625 0.46015625 0.040625 0.1875
24 0.10546875 0.46015625 0.04296875 0.1875
24 0.14921875 0.46171875 0.04296875 0.1875
24 0.1921875 0.4625 0.04296875 0.1875
24 0.234375 0.4625 0.04296875 0.1875
24 0.27734375 0.46171875 0.04296875 0.18984375
24 0.3234375 0.4625 0.0453125 0.1875
24 0.3703125 0.4640625 0.0453125 0.18984375
24 0.415625 0.4640625 0.0453125 0.18984375
24 0.46015625 0.46640625 0.04296875 0.18984375
24 0.5046875 0.4671875 0.04296875 0.1921875
24 0.54921875 0.46875 0.04296875 0.1921875
24 0.5953125 0.4703125 0.04296875 0.18984375
24 0.6390625 0.4703125 0.04296875 0.18984375
24 0.68359375 0.4703125 0.04296875 0.18984375
24 0.72734375 0.47109375 0.04296875 0.18984375
24 0.7703125 0.4734375 0.04296875 0.18984375
24 0.8171875 0.47265625 0.0453125 0.1875
24 0.86328125 0.47265625 0.04296875 0.1875
24 0.9046875 0.4734375 0.04296875 0.18984375
24 0.94921875 0.475 0.04296875 0.1875
24 0.984375 0.475 0.02890625 0.18984375
24 0.384375 0.73828125 0.146875 0.12734375
24 0.52890625 0.728125 0.1421875 0.103125
24 0.6703125 0.7328125 0.1421875 0.10078125
24 0.37265625 0.865625 0.15859375 0.11328125
24 0.5328125 0.8734375 0.15859375 0.1078125
24 0.69609375 0.8734375 0.1609375 0.1078125
24 0.69140625 0.9625 0.1609375 0.06953125
24 0.37109375 0.96171875 0.1609375 0.071875
24 0.83046875 0.765625 0.165625 0.09609375
24 0.85703125 0.87890625 0.165625 0.11328125
24 0.375 0.2453125 0.053125 0.19453125
24 0.428125 0.24375 0.053125 0.19921875
24 0.48203125 0.2453125 0.05546875 0.19921875
24 0.5375 0.24609375 0.05546875 0.2015625
24 0.5921875 0.2484375 0.05546875 0.196875
24 0.64765625 0.2484375 0.05546875 0.19921875
24 0.70078125 0.2515625 0.05078125 0.196875
24 0.75234375 0.2515625 0.05546875 0.19921875
24 0.80625 0.25234375 0.053125 0.196875
24 0.8578125 0.25390625 0.053125 0.19453125
24 0.9125 0.25234375 0.0578125 0.19921875
24 0.96875 0.25234375 0.05546875 0.19921875
24 0.021875 0.459375 0.040625 0.1875