24 0.7015625 0.7015625 0.05078125 0.14921875
24 0.7015625 0.8328125 0.05078125 0.1203125
24 0.75234375 0.81953125 0.0484375 0.1421875
24 0.80078125 0.81875 0.0484375 0.146875
24 0.8484375 0.696875 0.05546875 0.146875
24 0.85 0.82578125 0.053125 0.13203125
24 0.896875 0.69140625 0.0453125 0.1390625
24 0.896875 0.8234375 0.04296875 0.134375
24 0.9421875 0.68984375 0.0484375 0.13671875
24 0.94140625 0.821875 0.0484375 0.13671875
24 0.39765625 0.12109375 0.05546875 0.15390625
24 0.453125 0.12265625 0.053125 0.15625
24 0.50625 0.12265625 0.053125 0.15625
24 0.55859375 0.12109375 0.053125 0.15625
24 0.61171875 0.12265625 0.05078125 0.15625
24 0.6625 0.12109375 0.05078125 0.15625
24 0.71171875 0.12265625 0.0484375 0.14921875
24 0.75859375 0.1234375 0.0484375 0.14453125
24 0.81015625 0.12109375 0.0578125 0.14921875
24 0.859375 0.1265625 0.0453125 0.14453125
24 0.9078125 0.1234375 0.053125 0.146875
24 0.959375 0.1265625 0.05078125 0.14453125
24 0.38828125 0.33671875 0.05546875 0.15390625
24 0.38671875 0.49296875 0.053125 0.15859375
24 0.44140625 0.490625 0.053125 0.15859375
24 0.44140625 0.33515625 0.053125 0.1515625
24 0.49296875 0.3328125 0.05078125 0.1515625
24 0.49296875 0.4890625 0.05078125 0.15859375
24 0.54453125 0.490625 0.053125 0.1609375
24 0.5453125 0.33671875 0.053125 0.14921875
24 0.59765625 0.490625 0.053125 0.15859375
24 0.5984375 0.33671875 0.053125 0.15390625
24 0.64921875 0.334375 0.053125 0.15625
24 0.64921875 0.4890625 0.053125 0.15390625
24 0.68984375 0.334375 0.04296875 0.14921875
24 0.69140625 0.4828125 0.040625 0.14921875
24 0.73828125 0.4859375 0.053125 0.15625
24 0.73828125 0.3328125 0.053125 0.14921875
24 0.78984375 0.334375 0.053125 0.146875
24 0.78984375 0.4859375 0.053125 0.1515625
24 0.8421875 0.48203125 0.05546875 0.15859375
24 0.84765625 0.33046875 0.03828125 0.1390625
24 0.89453125 0.4796875 0.0484375 0.1515625
24 0.8921875 0.3328125 0.053125 0.1421875
24 0.94375 0.33203125 0.053125 0.1421875
24 0.94375 0.48046875 0.053125 0.15390625
24 0.3953125 0.7078125 0.053125 0.146875
24 0.39453125 0.83671875 0.053125 0.10546875
24 0.446875 0.69453125 0.05078125 0.12265625
24 0.44609375 0.8234375 0.053125 0.13203125
24 0.49765625 0.703125 0.053125 0.1421875
24 0.49765625 0.8296875 0.05078125 0.12265625
24 0.5484375 0.7046875 0.05078125 0.14453125
24 0.54921875 0.83046875 0.05078125 0.1203125
24 0.6 0.70546875 0.05078125 0.14453125
24 0.6 0.83046875 0.05078125 0.1203125
24 0.6515625 0.7046875 0.053125 0.1515625
24 0.6515625 0.8328125 0.053125 0.115625