24 0.5828125 0.6578125 0.10078125 0.43984375
24 0.68515625 0.6578125 0.10078125 0.43984375
24 0.78359375 0.6578125 0.0984375 0.43984375
24 0.88125 0.65859375 0.0984375 0.43984375
24 0.96484375 0.6578125 0.06484375 0.43984375
24 0.08984375 0.1890625 0.1734375 0.3171875
24 0.2703125 0.18125 0.18515625 0.3296875
24 0.45703125 0.1828125 0.18515625 0.3171875
24 0.64296875 0.18125 0.18515625 0.31953125
24 0.83046875 0.1890625 0.19453125 0.33671875
24 0.18515625 0.6515625 0.10078125 0.43984375
24 0.28359375 0.6546875 0.10078125 0.43984375
24 0.38359375 0.6578125 0.10078125 0.43984375
24 0.4828125 0.6578125 0.10078125 0.43984375
24 0.0828125 0.65234375 0.103125 0.43984375