24 0.40390625 0.6359375 0.05546875 0.290625
24 0.58984375 0.63828125 0.0625 0.28359375
24 0.33984375 0.6390625 0.0625 0.290625
24 0.27890625 0.63671875 0.06015625 0.290625
24 0.21875 0.63828125 0.06015625 0.290625
24 0.1578125 0.6359375 0.06484375 0.290625
24 0.09375 0.63359375 0.06484375 0.290625
24 0.03125 0.63828125 0.06015625 0.29296875
24 0.61796875 0.21015625 0.09609375 0.353125
24 0.50859375 0.21015625 0.09375 0.35078125
24 0.4109375 0.209375 0.09609375 0.35078125
24 0.30390625 0.209375 0.10078125 0.35546875
24 0.20703125 0.20546875 0.11328125 0.353125
24 0.103125 0.203125 0.115625 0.353125
24 0.98203125 0.6390625 0.03359375 0.28359375
24 0.93515625 0.64296875 0.0578125 0.290625
24 0.865625 0.50390625 0.05546875 0.0984375
24 0.8140625 0.5046875 0.05078125 0.0984375
24 0.76328125 0.5046875 0.05078125 0.0984375
24 0.8796875 0.62265625 0.05546875 0.11328125
24 0.82421875 0.62265625 0.05546875 0.1078125
24 0.76953125 0.62265625 0.05546875 0.1078125
24 0.87890625 0.728125 0.05546875 0.10078125
24 0.821875 0.72734375 0.053125 0.103125
24 0.76796875 0.728125 0.053125 0.10078125
24 0.71015625 0.6390625 0.06015625 0.2859375
24 0.6515625 0.6390625 0.0625 0.2859375
24 0.8171875 0.2125 0.09609375 0.353125
24 0.9109375 0.91796875 0.1703125 0.15859375
24 0.5421875 0.9203125 0.1734375 0.15390625
24 0.3765625 0.9203125 0.165625 0.15390625
24 0.2046875 0.9203125 0.178125 0.15390625
24 0.73828125 0.9375 0.1734375 0.12265625
24 0.91953125 0.21484375 0.09375 0.35546875
24 0.7125 0.21015625 0.09609375 0.353125
24 0.525 0.63828125 0.0625 0.28828125
24 0.4625 0.640625 0.06015625 0.290625