20 0.32578125 0.25703125 0.11875 0.13359375
20 0.45703125 0.25859375 0.11796875 0.12734375
20 0.07578125 0.26796875 0.1109375 0.103125
20 0.19375 0.2703125 0.10234375 0.10078125
20 0.08046875 0.3890625 0.0734375 0.05390625
20 0.1703125 0.3890625 0.071875 0.05078125
20 0.88359375 0.4375 0.1296875 0.1046875
20 0.7546875 0.4421875 0.13203125 0.10078125
20 0.615625 0.446875 0.1359375 0.0921875
20 0.490625 0.4546875 0.10234375 0.0765625
20 0.25859375 0.45546875 0.10703125 0.08046875
20 0.37109375 0.4546875 0.10546875 0.08203125
20 0.15859375 0.46171875 0.08046875 0.06953125
20 0.07109375 0.4625 0.08515625 0.06640625
20 0.25703125 0.56953125 0.05859375 0.0328125
20 0.32578125 0.56953125 0.05546875 0.02734375
20 0.76953125 0.59375 0.09140625 0.0796875
20 0.88359375 0.59375 0.109375 0.07421875
20 0.6703125 0.59609375 0.08046875 0.078125
20 0.57578125 0.59765625 0.08203125 0.0765625
20 0.06484375 0.6046875 0.10234375 0.08515625
20 0.171875 0.603125 0.0984375 0.084375
20 0.4046875 0.609375 0.0625 0.05859375
20 0.4890625 0.609375 0.06640625 0.0578125
20 0.3328125 0.62109375 0.05625 0.0328125
20 0.2609375 0.62265625 0.0625 0.03515625
20 0.1703125 0.06484375 0.1390625 0.12890625
20 0.04921875 0.06484375 0.0984375 0.1296875
20 0.9578125 0.7484375 0.053125 0.0796875
20 0.8921875 0.7515625 0.0578125 0.0796875
20 0.5046875 0.7546875 0.11171875 0.08984375
20 0.234375 0.75625 0.125 0.09765625
20 0.6546875 0.75390625 0.06015625 0.078125
20 0.83046875 0.75390625 0.0515625 0.08046875
20 0.77421875 0.75390625 0.05546875 0.0796875
20 0.375 0.75625 0.1234375 0.09765625
20 0.7171875 0.75625 0.0515625 0.0796875
20 0.5953125 0.75703125 0.053125 0.08203125
20 0.09765625 0.7609375 0.12890625 0.08984375
20 0.6 0.09375 0.06953125 0.08515625
20 0.68125 0.09609375 0.06875 0.08203125