25 0.77890625 0.08671875 0.44140625 0.171875
25 0.759375 0.17890625 0.478125 0.1984375
25 0.3421875 0.15234375 0.46015625 0.15
25 0.37734375 0.06484375 0.45703125 0.1296875
25 0.7328125 0.43359375 0.5328125 0.16328125
25 0.74609375 0.34375 0.5046875 0.16484375
25 0.28984375 0.3015625 0.46640625 0.15
25 0.25859375 0.39453125 0.4734375 0.1515625
25 0.69609375 0.53515625 0.3953125 0.0984375
25 0.34140625 0.5015625 0.3546875 0.0875
25 0.63203125 0.75859375 0.57578125 0.1671875
25 0.1875 0.69921875 0.375 0.15390625
25 0.2046875 0.60703125 0.40859375 0.1421875
25 0.665625 0.6625 0.57421875 0.1546875