25 0.603125 0.165625 0.7921875 0.290625
25 0.571875 0.34375 0.63671875 0.20078125
25 0.55859375 0.4703125 0.603125 0.18515625
25 0.58046875 0.5734375 0.4734375 0.1296875
25 0.54296875 0.6453125 0.44609375 0.12734375
25 0.1859375 0.41953125 0.2390625 0.15234375
25 0.1890625 0.303125 0.23046875 0.12265625
25 0.2046875 0.19921875 0.2203125 0.13203125
25 0.1 0.47265625 0.1296875 0.1984375
25 0.03359375 0.459375 0.0671875 0.1921875
25 0.1859375 0.51796875 0.11171875 0.1203125
25 0.2828125 0.52734375 0.1265625 0.12734375