25 0.6609375 0.68125 0.3296875 0.06953125
25 0.65390625 0.6078125 0.3296875 0.08984375
25 0.64453125 0.5140625 0.25703125 0.0796875
25 0.8546875 0.48828125 0.21484375 0.053125
25 0.3140625 0.21640625 0.31875 0.09609375
25 0.3265625 0.2984375 0.31875 0.07578125
25 0.334375 0.365625 0.31875 0.07109375
25 0.678125 0.36796875 0.36875 0.08203125
25 0.6515625 0.29921875 0.3265625 0.071875
25 0.65 0.228125 0.33203125 0.071875
25 0.91796875 0.296875 0.16328125 0.0734375
25 0.9328125 0.36640625 0.134375 0.0734375