24 0.5953125 0.7921875 0.13671875 0.34375
24 0.1421875 0.35234375 0.1875 0.553125
24 0.28984375 0.35703125 0.1875 0.553125
24 0.44921875 0.3578125 0.15390625 0.553125
24 0.603125 0.35 0.15390625 0.5359375
24 0.76328125 0.35234375 0.17578125 0.5359375
24 0.90859375 0.3484375 0.1828125 0.55078125
24 0.07578125 0.78359375 0.1515625 0.34609375
24 0.17890625 0.78828125 0.1515625 0.33671875
24 0.3265625 0.790625 0.14921875 0.33203125
24 0.8640625 0.78515625 0.1734375 0.35546875
24 0.4546875 0.7953125 0.1390625 0.334375
24 0.72578125 0.7828125 0.15390625 0.353125