25 0.515625 0.04453125 0.28984375 0.0890625
25 0.24296875 0.0875 0.2828125 0.10703125
25 0.15625 0.146875 0.3109375 0.11796875
25 0.759375 0.05390625 0.2171875 0.0828125
25 0.73828125 0.0265625 0.21171875 0.0515625
25 0.7203125 0.009375 0.240625 0.01875
25 0.13359375 0.74140625 0.16015625 0.12265625
25 0.1515625 0.66796875 0.1203125 0.10234375
25 0.040625 0.534375 0.08125 0.11875
25 0.10234375 0.3578125 0.2046875 0.1
25 0.34140625 0.68984375 0.1265625 0.1046875
25 0.265625 0.70546875 0.12265625 0.1078125
25 0.41953125 0.70546875 0.1 0.10234375
25 0.33515625 0.1234375 0.115625 0.06015625
25 0.2765625 0.77265625 0.1 0.0578125
25 0.3546875 0.7515625 0.0796875 0.04453125