25 0.2140625 0.4890625 0.21640625 0.0765625
25 0.203125 0.4390625 0.228125 0.08515625
25 0.41328125 0.55546875 0.2390625 0.08203125
25 0.4234375 0.50859375 0.2296875 0.07421875
25 0.42421875 0.459375 0.25390625 0.08515625
25 0.665625 0.5359375 0.27734375 0.09609375
25 0.88671875 0.5640625 0.2171875 0.078125
25 0.86171875 0.6140625 0.2453125 0.0828125
25 0.63671875 0.58203125 0.2296875 0.0796875
25 0.81953125 0.82578125 0.1671875 0.07109375
25 0.78515625 0.859375 0.14453125 0.05546875
25 0.9578125 0.5140625 0.0828125 0.0796875
25 0.46640625 0.28828125 0.2546875 0.10234375
25 0.24765625 0.321875 0.2453125 0.07421875
25 0.196875 0.22734375 0.29921875 0.10546875
25 0.5359375 0.08984375 0.2828125 0.1234375