25 0.8578125 0.5015625 0.26171875 0.2234375
25 0.86875 0.39453125 0.26171875 0.2328125
25 0.8796875 0.25703125 0.23046875 0.20546875
25 0.2796875 0.32421875 0.1984375 0.18359375
25 0.79921875 0.68359375 0.3109375 0.31875
25 0.5671875 0.5 0.2453125 0.25703125
25 0.3734375 0.80546875 0.1984375 0.2484375
25 0.24765625 0.571875 0.18046875 0.16796875
25 0.234375 0.64453125 0.18046875 0.16796875
25 0.41796875 0.696875 0.18046875 0.16796875
25 0.5671875 0.9 0.2125 0.1984375
25 0.54296875 0.73828125 0.07578125 0.0890625
25 0.53515625 0.80078125 0.07578125 0.0890625