24 0.3421875 0.12734375 0.0625 0.24765625
24 0.02890625 0.12265625 0.05546875 0.2453125
24 0.0859375 0.1234375 0.071875 0.246875
24 0.1546875 0.12265625 0.06953125 0.2453125
24 0.2203125 0.1265625 0.06015625 0.25
24 0.28125 0.125 0.06015625 0.25
24 0.02890625 0.4484375 0.05546875 0.28828125
24 0.0875 0.4484375 0.06484375 0.28359375
24 0.15234375 0.4484375 0.0625 0.28125
24 0.21484375 0.446875 0.06484375 0.28125
24 0.27890625 0.44609375 0.06484375 0.28359375
24 0.3390625 0.446875 0.0625 0.28125
24 0.4015625 0.4484375 0.0625 0.28125
24 0.9671875 0.446875 0.06015625 0.27421875
24 0.91484375 0.76171875 0.0578125 0.27421875
24 0.96875 0.76328125 0.0484375 0.2640625