25 0.73828125 0.1671875 0.259375 0.05546875
25 0.740625 0.2125 0.259375 0.05078125
25 0.73671875 0.45078125 0.2515625 0.053125
25 0.73828125 0.578125 0.2515625 0.053125
25 0.75625 0.62890625 0.25390625 0.0515625
25 0.76328125 0.67890625 0.25390625 0.05546875
25 0.9265625 0.5875 0.146875 0.04453125
25 0.95078125 0.671875 0.09765625 0.06875
25 0.13828125 0.7953125 0.12109375 0.13359375
25 0.0453125 0.79921875 0.08984375 0.134375
25 0.15390625 0.59375 0.10078125 0.1453125
25 0.05078125 0.58984375 0.10078125 0.1453125
25 0.171875 0.4046875 0.10078125 0.1453125
25 0.06484375 0.4015625 0.084375 0.1453125
25 0.025 0.175 0.05 0.134375
25 0.07421875 0.1734375 0.0515625 0.13359375
25 0.94375 0.2140625 0.11171875 0.04921875
25 0.4890625 0.45078125 0.24296875 0.06015625
25 0.3140625 0.4 0.109375 0.053125
25 0.31015625 0.45078125 0.109375 0.053125
25 0.34609375 0.5421875 0.17421875 0.03984375
25 0.31953125 0.59375 0.21015625 0.05390625
25 0.5171875 0.6625 0.22734375 0.0609375
25 0.52421875 0.60234375 0.20546875 0.04921875
25 0.5265625 0.5625 0.20078125 0.0453125
25 0.25234375 0.66328125 0.24609375 0.06484375
25 0.51171875 0.86171875 0.22734375 0.08046875
25 0.52734375 0.7859375 0.21171875 0.06484375
25 0.48203125 0.2140625 0.25625 0.046875
25 0.23046875 0.21484375 0.24765625 0.04921875
25 0.23046875 0.1625 0.24765625 0.053125
25 0.74765625 0.86875 0.2359375 0.05390625
25 0.7546875 0.81953125 0.2359375 0.06953125
25 0.93046875 0.8703125 0.1390625 0.08203125
25 0.7390625 0.75859375 0.2078125 0.03515625