24 0.61875 0.5015625 0.0484375 0.23828125
24 0.6671875 0.5046875 0.0484375 0.2328125
24 0.7140625 0.5015625 0.0453125 0.23828125
24 0.759375 0.5015625 0.0453125 0.23828125
24 0.8140625 0.5 0.05078125 0.23828125
24 0.9171875 0.5 0.05546875 0.23828125
24 0.8640625 0.4984375 0.05078125 0.23828125
24 0.515625 0.15625 0.05078125 0.25234375
24 0.5671875 0.1546875 0.053125 0.2546875
24 0.6203125 0.15625 0.05078125 0.25234375
24 0.66953125 0.15859375 0.0484375 0.24765625
24 0.7203125 0.16015625 0.053125 0.24765625
24 0.77265625 0.1578125 0.053125 0.25
24 0.8265625 0.1546875 0.053125 0.25234375
24 0.87734375 0.15625 0.053125 0.25234375
24 0.93125 0.15625 0.053125 0.25234375
24 0.97734375 0.15234375 0.04296875 0.2546875
24 0.3234375 0.50625 0.0484375 0.23828125
24 0.37265625 0.5046875 0.05078125 0.2359375
24 0.421875 0.5046875 0.05078125 0.2359375
24 0.47109375 0.5046875 0.05078125 0.2359375
24 0.51953125 0.50390625 0.05078125 0.2328125
24 0.56953125 0.5015625 0.0484375 0.23828125