24 0.96171875 0.3375 0.07421875 0.24296875
24 0.8859375 0.3375 0.0796875 0.2359375
24 0.78125 0.32421875 0.06953125 0.22109375
24 0.71484375 0.3234375 0.0625 0.2140625
24 0.65625 0.32421875 0.0625 0.2046875
24 0.22734375 0.88203125 0.0484375 0.0578125
24 0.27890625 0.86328125 0.05546875 0.084375
24 0.2875 0.13671875 0.04296875 0.146875
24 0.31484375 0.13125 0.04296875 0.14921875
24 0.35078125 0.12734375 0.040625 0.15859375
24 0.384375 0.12265625 0.03828125 0.16328125
24 0.4203125 0.1140625 0.040625 0.16796875
24 0.50390625 0.09765625 0.0453125 0.1828125
24 0.55078125 0.0921875 0.0484375 0.184375
24 0.6015625 0.08984375 0.059375 0.1796875
24 0.65390625 0.08671875 0.0625 0.1734375
24 0.71484375 0.0828125 0.06484375 0.165625
24 0.7875 0.0796875 0.0796875 0.15625
24 0.90390625 0.08671875 0.0796875 0.16796875
24 0.96875 0.0828125 0.0578125 0.165625
24 0.31953125 0.31953125 0.04296875 0.14921875
24 0.2296875 0.82109375 0.05078125 0.06953125
24 0.17890625 0.85234375 0.05078125 0.07421875
24 0.18359375 0.78515625 0.053125 0.053125
24 0.17890625 0.7296875 0.05546875 0.053125
24 0.35703125 0.31875 0.040625 0.15625
24 0.390625 0.31875 0.040625 0.16328125
24 0.4234375 0.32109375 0.040625 0.16328125
24 0.46640625 0.32109375 0.0484375 0.1734375
24 0.50859375 0.32421875 0.0484375 0.17578125
24 0.55390625 0.321875 0.05546875 0.18046875
24 0.4203125 0.72578125 0.0359375 0.1421875
24 0.33046875 0.70078125 0.0359375 0.13671875
24 0.95546875 0.6234375 0.084375 0.228125
24 0.7765625 0.6140625 0.06015625 0.1828125
24 0.603125 0.3234375 0.0578125 0.1921875
24 0.725 0.60546875 0.0453125 0.178125
24 0.6734375 0.5953125 0.06015625 0.1703125
24 0.625 0.584375 0.04296875 0.15859375
24 0.584375 0.57421875 0.0484375 0.15625
24 0.540625 0.56640625 0.0484375 0.1515625
24 0.5046875 0.5578125 0.0484375 0.146875
24 0.4640625 0.55078125 0.03125 0.1421875
24 0.4390625 0.546875 0.03125 0.14453125
24 0.40625 0.53828125 0.0359375 0.1390625
24 0.459375 0.10546875 0.03828125 0.1734375
24 0.3765625 0.5328125 0.0359375 0.13203125