24 0.46875 0.23203125 0.0453125 0.2234375
24 0.90625 0.43359375 0.09609375 0.4203125
24 0.80859375 0.43125 0.09609375 0.428125
24 0.7125 0.43359375 0.08671875 0.4421875
24 0.63125 0.21484375 0.0578125 0.2640625
24 0.57421875 0.22265625 0.06015625 0.2453125
24 0.5171875 0.22578125 0.053125 0.2359375
24 0.42421875 0.23671875 0.04296875 0.2140625
24 0.3171875 0.38125 0.115625 0.45703125
24 0.2078125 0.38359375 0.10546875 0.446875
24 0.10703125 0.390625 0.0984375 0.43515625
24 0.6390625 0.43984375 0.03828125 0.10546875
24 0.5984375 0.4375 0.040625 0.1078125
24 0.56015625 0.4359375 0.0359375 0.1109375
24 0.52265625 0.4359375 0.0359375 0.11328125
24 0.490625 0.43359375 0.03359375 0.115625
24 0.4578125 0.43359375 0.03359375 0.115625
24 0.428125 0.4328125 0.02890625 0.1203125
24 0.40234375 0.43359375 0.02890625 0.12265625
24 0.334375 0.84140625 0.0890625 0.29296875
24 0.23828125 0.84765625 0.08203125 0.2765625
24 0.1453125 0.8484375 0.08203125 0.27421875
24 0.0609375 0.85 0.084375 0.27421875
24 0.62734375 0.69921875 0.06484375 0.27421875
24 0.5640625 0.7046875 0.06484375 0.271875
24 0.49765625 0.7078125 0.0625 0.271875
24 0.43359375 0.7125 0.0671875 0.271875
24 0.88671875 0.8109375 0.0625 0.178125
24 0.8265625 0.81015625 0.06015625 0.1828125