24 0.63671875 0.203125 0.03828125 0.1515625
24 0.67578125 0.2015625 0.03828125 0.1515625
24 0.71171875 0.20546875 0.0359375 0.146875
24 0.74609375 0.18359375 0.0484375 0.1921875
24 0.7921875 0.18125 0.0453125 0.1921875
24 0.8375 0.17890625 0.0453125 0.196875
24 0.8796875 0.1828125 0.0484375 0.1921875
24 0.56875 0.69453125 0.0484375 0.21875
24 0.52421875 0.696875 0.04296875 0.21875
24 0.48046875 0.69921875 0.040625 0.2234375
24 0.4421875 0.69609375 0.040625 0.21875
24 0.4 0.69453125 0.0453125 0.21875
24 0.1546875 0.7171875 0.03125 0.17578125
24 0.11640625 0.71875 0.0453125 0.17578125
24 0.03359375 0.696875 0.05546875 0.22578125
24 0.58515625 0.1828125 0.04296875 0.1921875
24 0.5359375 0.18359375 0.04296875 0.1875
24 0.49296875 0.18125 0.0453125 0.1921875
24 0.4484375 0.18125 0.0453125 0.1921875
24 0.40390625 0.18125 0.0484375 0.1921875
24 0.359375 0.19140625 0.04296875 0.20703125
24 0.3171875 0.196875 0.03828125 0.196875
24 0.275 0.1921875 0.0484375 0.2046875
24 0.86796875 0.446875 0.05546875 0.21875
24 0.81953125 0.44609375 0.040625 0.22578125
24 0.709375 0.4734375 0.0359375 0.17578125
24 0.67421875 0.47265625 0.0359375 0.1734375
24 0.63671875 0.47109375 0.0359375 0.1734375
24 0.57578125 0.4484375 0.04296875 0.22109375
24 0.53359375 0.446875 0.04296875 0.21875
24 0.49296875 0.44609375 0.040625 0.2234375
24 0.45078125 0.446875 0.04296875 0.2234375
24 0.40859375 0.44609375 0.04296875 0.22109375
24 0.3640625 0.44921875 0.04296875 0.21640625
24 0.31953125 0.4484375 0.0453125 0.21640625
24 0.2765625 0.44921875 0.04296875 0.21640625
24 0.2328125 0.4703125 0.04296875 0.178125
24 0.196875 0.47109375 0.03125 0.17578125
24 0.1609375 0.4703125 0.04296875 0.17578125
24 0.13203125 0.44609375 0.05078125 0.22109375
24 0.08671875 0.44453125 0.05078125 0.22109375
24 0.03984375 0.44453125 0.05078125 0.22109375
24 0.8765625 0.69609375 0.0484375 0.21640625
24 0.83203125 0.69609375 0.04296875 0.21640625
24 0.78828125 0.696875 0.04296875 0.22109375
24 0.08046875 0.6984375 0.0578125 0.2234375
24 0.740625 0.696875 0.05078125 0.22109375
24 0.69921875 0.7203125 0.040625 0.18046875
24 0.65859375 0.71875 0.04296875 0.178125
24 0.61328125 0.70078125 0.04296875 0.2046875