25 0.55078125 0.22734375 0.140625 0.1046875
25 0.5296875 0.1515625 0.16015625 0.084375
25 0.5140625 0.10078125 0.1546875 0.09375
25 0.69921875 0.0359375 0.15859375 0.071875
25 0.73046875 0.10234375 0.19453125 0.1296875
25 0.73671875 0.18359375 0.125 0.0796875
25 0.8859375 0.03125 0.1390625 0.0609375
25 0.89765625 0.08203125 0.13125 0.08515625
25 0.93515625 0.14765625 0.10078125 0.0921875
25 0.07421875 0.29296875 0.1484375 0.1203125
25 0.93359375 0.6609375 0.13203125 0.11796875
25 0.93046875 0.57578125 0.13828125 0.12265625
25 0.86171875 0.48203125 0.1609375 0.1078125
25 0.834375 0.40859375 0.15390625 0.09765625
25 0.77734375 0.90859375 0.16328125 0.10234375
25 0.46640625 0.9484375 0.14765625 0.10078125
25 0.609375 0.91953125 0.1421875 0.0921875