25 0.59765625 0.25859375 0.1453125 0.115625
25 0.57578125 0.1828125 0.16484375 0.09609375
25 0.55859375 0.13125 0.15859375 0.10546875
25 0.7453125 0.05078125 0.1609375 0.08515625
25 0.7796875 0.1203125 0.20078125 0.1453125
25 0.78828125 0.2015625 0.12890625 0.0890625
25 0.91796875 0.0359375 0.1078125 0.071875
25 0.92890625 0.0921875 0.0953125 0.0875
25 0.96015625 0.16015625 0.04453125 0.08671875
25 0.10546875 0.35703125 0.16328125 0.13203125
25 0.96484375 0.68515625 0.06953125 0.115625
25 0.96015625 0.59765625 0.0765625 0.12109375
25 0.91953125 0.5 0.16015625 0.12109375
25 0.8921875 0.4265625 0.15859375 0.109375
25 0.8421875 0.915625 0.165625 0.06015625
25 0.52421875 0.97265625 0.15 0.053125
25 0.671875 0.94609375 0.1453125 0.06875