20 0.0421875 0.3375 0.084375 0.09765625
20 0.1515625 0.34140625 0.103125 0.10234375
20 0.23671875 0.34765625 0.05390625 0.09140625
20 0.290625 0.35 0.0421875 0.09140625
20 0.33984375 0.35078125 0.04453125 0.0875
20 0.3890625 0.35234375 0.04453125 0.0875
20 0.4375 0.353125 0.04296875 0.08671875
20 0.3703125 0.48203125 0.08671875 0.071875
20 0.27421875 0.484375 0.09140625 0.071875
20 0.46640625 0.48671875 0.0875 0.0671875
20 0.94140625 0.62265625 0.053125 0.06484375
20 0.88125 0.6234375 0.053125 0.06640625
20 0.82109375 0.6234375 0.05546875 0.0671875
20 0.7609375 0.625 0.05390625 0.0671875
20 0.69140625 0.625 0.0671875 0.0671875
20 0.24609375 0.62890625 0.0953125 0.07578125
20 0.4421875 0.6296875 0.08671875 0.06484375
20 0.34375 0.6296875 0.09140625 0.06875
20 0.80078125 0.728125 0.05625 0.0609375
20 0.8609375 0.728125 0.0484375 0.0609375
20 0.74296875 0.7296875 0.0515625 0.0640625
20 0.68125 0.7296875 0.053125 0.06640625
20 0.39921875 0.75390625 0.0484375 0.05078125
20 0.34140625 0.75625 0.04921875 0.05078125
20 0.2859375 0.75703125 0.0484375 0.05390625
20 0.225 0.759375 0.05625 0.05546875
20 0.38359375 0.84140625 0.0453125 0.0484375
20 0.32578125 0.8421875 0.04296875 0.0453125
20 0.26953125 0.8453125 0.046875 0.0484375
20 0.21171875 0.85 0.05390625 0.0484375
20 0.38125 0.89296875 0.0484375 0.0484375
20 0.32421875 0.896875 0.0453125 0.0453125
20 0.26796875 0.9 0.046875 0.04296875
20 0.209375 0.9015625 0.04921875 0.046875
20 0.06484375 0.12109375 0.10546875 0.1109375
20 0.18125 0.125 0.11640625 0.11328125
20 0.27421875 0.1515625 0.0625 0.07109375
20 0.34140625 0.1578125 0.0578125 0.071875
20 0.4078125 0.16328125 0.0609375 0.06953125
20 0.4734375 0.1671875 0.05625 0.06640625
20 0.53125 0.18125 0.04453125 0.0421875
20 0.5828125 0.1859375 0.046875 0.040625
20 0.63828125 0.18984375 0.05546875 0.04296875
20 0.68515625 0.1921875 0.04453125 0.03984375