25 0.80078125 0.1875 0.39765625 0.21484375
25 0.40390625 0.12890625 0.478125 0.2140625
25 0.396875 0.25390625 0.42890625 0.14921875
25 0.7875 0.3125 0.415625 0.14765625
25 0.76796875 0.38203125 0.421875 0.14296875
25 0.37109375 0.34375 0.42890625 0.1703125
25 0.15625 0.078125 0.13203125 0.15625
25 0.15234375 0.1765625 0.16328125 0.10703125
25 0.1296875 0.2609375 0.15859375 0.08671875
25 0.11796875 0.3375 0.18046875 0.10703125
25 0.75703125 0.4484375 0.42890625 0.12109375
25 0.44140625 0.796875 0.1140625 0.1421875
25 0.61796875 0.80625 0.08203125 0.11171875
25 0.6625 0.8171875 0.0765625 0.10703125
25 0.5578125 0.790625 0.08203125 0.10703125
25 0.50859375 0.790625 0.07578125 0.11171875