4 0.47734375 0.3609375 0.18359375 0.1921875
4 0.78125 0.3796875 0.18359375 0.13828125
4 0.10625 0.41953125 0.2125 0.2359375
4 0.63203125 0.42265625 0.15546875 0.21875
4 0.840625 0.478125 0.22109375 0.1578125
4 0.271875 0.48125 0.22734375 0.23828125
4 0.70546875 0.5921875 0.1984375 0.178125
4 0.59765625 0.68984375 0.24140625 0.21875
4 0.321875 0.73984375 0.24140625 0.20390625
4 0.11953125 0.7859375 0.23828125 0.27890625
4 0.41796875 0.22421875 0.20390625 0.18359375
4 0.77265625 0.2640625 0.1609375 0.15546875
4 0.61796875 0.27265625 0.13828125 0.16640625