25 0.68984375 0.5359375 0.103125 0.0671875
25 0.61328125 0.5875 0.09765625 0.0625
25 0.65234375 0.56875 0.09140625 0.05390625
25 0.76953125 0.57109375 0.11875 0.06875
25 0.84609375 0.5765625 0.1109375 0.06015625
25 0.8265625 0.53984375 0.08984375 0.04921875
25 0.71015625 0.60078125 0.1109375 0.06640625
25 0.79296875 0.61328125 0.103125 0.03984375
25 0.91328125 0.578125 0.11328125 0.06484375
25 0.1296875 0.7140625 0.1234375 0.08203125
25 0.29453125 0.7140625 0.1890625 0.07578125
25 0.9859375 0.63671875 0.0265625 0.05546875
25 0.9796875 0.725 0.03828125 0.07421875
25 0.93359375 0.91015625 0.125 0.09609375
25 0.9828125 0.89765625 0.0328125 0.09375
25 0.26796875 0.9625 0.1734375 0.0734375
25 0.43125 0.91328125 0.196875 0.0828125
25 0.7765625 0.915625 0.1921875 0.0828125
25 0.59140625 0.88828125 0.18046875 0.07421875
25 0.27265625 0.915625 0.22109375 0.0875
25 0.5203125 0.7203125 0.15390625 0.0890625
25 0.2984375 0.78125 0.1921875 0.084375
25 0.69921875 0.7234375 0.13125 0.07109375
25 0.81953125 0.7234375 0.11640625 0.071875
25 0.9203125 0.725 0.11796875 0.0765625
25 0.53984375 0.525 0.27734375 0.1203125
25 0.49609375 0.5734375 0.27421875 0.1109375
25 0.28984375 0.5375 0.275 0.109375
25 0.24375 0.609375 0.2828125 0.103125