25 0.96484375 0.4109375 0.0671875 0.146875
25 0.3125 0.52265625 0.0796875 0.05625
25 0.4 0.5609375 0.07578125 0.0515625
25 0.3578125 0.5484375 0.071875 0.04453125
25 0.2515625 0.56484375 0.09609375 0.05546875
25 0.1828125 0.5765625 0.0890625 0.0484375
25 0.1875 0.540625 0.0734375 0.03984375
25 0.31640625 0.58515625 0.0875 0.053125
25 0.24296875 0.60546875 0.08984375 0.02734375
25 0.12109375 0.58671875 0.08984375 0.0515625
25 0.91796875 0.6265625 0.1515625 0.06953125
25 0.73828125 0.64453125 0.16328125 0.05390625
25 0.040625 0.653125 0.08125 0.04375
25 0.08203125 0.73203125 0.071875 0.0640625
25 0.2171875 0.89921875 0.0890625 0.0921875
25 0.1203125 0.89921875 0.1 0.08671875
25 0.8734375 0.8734375 0.18984375 0.0640625
25 0.68046875 0.84140625 0.16953125 0.06015625
25 0.3640625 0.88359375 0.16328125 0.0609375
25 0.03828125 0.90625 0.07578125 0.0890625
25 0.5265625 0.83671875 0.15625 0.053125
25 0.828125 0.8265625 0.1921875 0.0625
25 0.5328125 0.67421875 0.1234375 0.07109375
25 0.75703125 0.70703125 0.16328125 0.0609375
25 0.36796875 0.696875 0.10703125 0.05625
25 0.25859375 0.71015625 0.09140625 0.05859375
25 0.16484375 0.72265625 0.08984375 0.0640625
25 0.446875 0.49609375 0.23828125 0.0875
25 0.50390625 0.5359375 0.23671875 0.0796875
25 0.68125 0.48046875 0.23828125 0.078125
25 0.74765625 0.540625 0.2484375 0.07109375