25 0.86875 0.0796875 0.2609375 0.1140625
25 0.8578125 0.13671875 0.2828125 0.125
25 0.85703125 0.18046875 0.28515625 0.1078125
25 0.76953125 0.55078125 0.453125 0.1359375
25 0.78984375 0.484375 0.41953125 0.12734375
25 0.80546875 0.42578125 0.38828125 0.125
25 0.821875 0.365625 0.3546875 0.12109375
25 0.83671875 0.30625 0.32421875 0.1234375
25 0.33671875 0.4859375 0.45546875 0.134375
25 0.375 0.4203125 0.45703125 0.1265625
25 0.41484375 0.36171875 0.44921875 0.125
25 0.44609375 0.30078125 0.45703125 0.125
25 0.47265625 0.240625 0.44921875 0.1265625
25 0.19453125 0.19453125 0.15234375 0.0765625
25 0.16484375 0.25859375 0.15234375 0.0765625
25 0.13671875 0.31484375 0.15234375 0.0765625
25 0.10078125 0.3921875 0.16953125 0.11328125
25 0.2296875 0.78125 0.4578125 0.14921875
25 0.63359375 0.88125 0.39921875 0.10546875
25 0.6765625 0.834375 0.3734375 0.125
25 0.76171875 0.771875 0.2515625 0.0953125
25 0.259375 0.71015625 0.3609375 0.1203125
25 0.2921875 0.00859375 0.1421875 0.015625