25 0.9109375 0.8859375 0.17578125 0.07578125
25 0.9078125 0.93125 0.18359375 0.06875
25 0.9109375 0.95703125 0.1765625 0.04296875
25 0.13828125 0.353125 0.08671875 0.03828125
25 0.134375 0.38671875 0.08984375 0.0421875
25 0.134375 0.4234375 0.09375 0.0421875
25 0.14296875 0.459375 0.10546875 0.04296875
25 0.1515625 0.5 0.12734375 0.06015625
25 0.15625 0.5484375 0.134375 0.0484375
25 0.55625 0.91484375 0.2765625 0.0828125
25 0.5828125 0.96484375 0.41484375 0.06875
25 0.178125 0.94609375 0.1515625 0.06484375
25 0.23046875 0.98203125 0.23203125 0.03515625
25 0.30078125 0.3328125 0.25859375 0.05625
25 0.3015625 0.365625 0.259375 0.06015625
25 0.3125 0.40859375 0.27734375 0.0765625
25 0.34609375 0.45703125 0.259375 0.0578125
25 0.35234375 0.49609375 0.26171875 0.071875
25 0.54453125 0.29921875 0.26796875 0.0609375
25 0.56484375 0.3421875 0.27265625 0.08203125
25 0.58203125 0.4 0.26171875 0.06953125
25 0.603125 0.45078125 0.23828125 0.05078125
25 0.61875 0.48203125 0.2390625 0.053125
25 0.8125 0.271875 0.2796875 0.0890625
25 0.8234375 0.3375 0.2703125 0.0734375
25 0.83671875 0.3859375 0.25703125 0.05625
25 0.84609375 0.415625 0.25859375 0.0578125
25 0.859375 0.453125 0.26328125 0.0578125
25 0.29453125 0.2078125 0.26328125 0.0625
25 0.32109375 0.2390625 0.24375 0.05859375