25 0.2484375 0.0515625 0.26328125 0.0734375
25 0.2703125 0.021875 0.2828125 0.04296875
25 0.7359375 0.665625 0.084375 0.03828125
25 0.75625 0.6359375 0.08671875 0.040625
25 0.77265625 0.60234375 0.08984375 0.040625
25 0.78359375 0.56875 0.10078125 0.0421875
25 0.7953125 0.5296875 0.12109375 0.0578125
25 0.81484375 0.4859375 0.12890625 0.046875
25 0.63203125 0.0875 0.265625 0.08203125
25 0.63671875 0.0375 0.3953125 0.0734375
25 0.959375 0.12265625 0.0796875 0.06875
25 0.93046875 0.06484375 0.13828125 0.07578125
25 0.578125 0.65859375 0.24609375 0.05625
25 0.5921875 0.6296875 0.24765625 0.06015625
25 0.603125 0.5890625 0.2671875 0.07578125
25 0.59765625 0.53984375 0.24609375 0.05625
25 0.6109375 0.50234375 0.25 0.07109375
25 0.3390625 0.6515625 0.25625 0.06015625
25 0.34140625 0.6078125 0.2609375 0.0796875
25 0.3546875 0.55390625 0.25 0.06875
25 0.3609375 0.50390625 0.22734375 0.05078125
25 0.3609375 0.4734375 0.228125 0.053125
25 0.1078125 0.634375 0.21484375 0.08671875
25 0.11640625 0.571875 0.2328125 0.0734375
25 0.11875 0.52421875 0.2375 0.0546875
25 0.12265625 0.49609375 0.2453125 0.05546875
25 0.12890625 0.4625 0.25 0.0578125
25 0.521875 0.77421875 0.2515625 0.0625
25 0.51171875 0.74140625 0.2328125 0.05859375