20 0.62734375 0.22734375 0.0328125 0.06484375
20 0.671875 0.228125 0.03515625 0.0640625
20 0.06015625 0.228125 0.0359375 0.0609375
20 0.49609375 0.2296875 0.03515625 0.06640625
20 0.584375 0.2296875 0.0328125 0.0609375
20 0.103125 0.2296875 0.03828125 0.0609375
20 0.1921875 0.2296875 0.0359375 0.06015625
20 0.27890625 0.2296875 0.03515625 0.0609375
20 0.32578125 0.2296875 0.03828125 0.06015625
20 0.23671875 0.23046875 0.0328125 0.05859375
20 0.14765625 0.23046875 0.0359375 0.0609375
20 0.45546875 0.23046875 0.03125 0.0578125
20 0.540625 0.23046875 0.03515625 0.05859375
20 0.36875 0.23046875 0.03515625 0.06015625
20 0.4109375 0.23046875 0.0375 0.06015625
20 0.94921875 0.3296875 0.0359375 0.040625
20 0.89921875 0.33046875 0.0328125 0.03984375
20 0.859375 0.36328125 0.040625 0.05859375
20 0.8109375 0.3640625 0.04296875 0.0609375
20 0.75703125 0.365625 0.040625 0.06015625
20 0.91015625 0.3734375 0.040625 0.0421875
20 0.9578125 0.3734375 0.0375 0.040625
20 0.946875 0.4484375 0.08671875 0.0625
20 0.8609375 0.4484375 0.084375 0.0640625
20 0.44453125 0.4484375 0.0828125 0.0609375
20 0.775 0.44921875 0.08203125 0.0609375
20 0.6109375 0.44921875 0.0734375 0.0609375
20 0.69375 0.44921875 0.08203125 0.06015625
20 0.53125 0.45078125 0.08046875 0.05625
20 0.11796875 0.4515625 0.05546875 0.0515625
20 0.05390625 0.453125 0.0578125 0.05078125
20 0.18359375 0.453125 0.05546875 0.053125
20 0.3734375 0.453125 0.05078125 0.05078125
20 0.24765625 0.4546875 0.05390625 0.053125
20 0.3109375 0.4546875 0.05546875 0.04921875
20 0.59140625 0.5375 0.0328125 0.0578125
20 0.428125 0.53828125 0.0328125 0.06015625
20 0.46875 0.53828125 0.03125 0.05859375
20 0.54921875 0.53828125 0.0328125 0.05859375
20 0.50859375 0.53984375 0.0328125 0.06015625
20 0.3859375 0.53984375 0.0328125 0.06015625
20 0.81953125 0.53984375 0.084375 0.05390625
20 0.91328125 0.540625 0.08046875 0.05546875
20 0.73671875 0.540625 0.08046875 0.0515625
20 0.65234375 0.540625 0.08046875 0.0515625
20 0.6859375 0.603125 0.0375 0.0203125
20 0.50859375 0.603125 0.0359375 0.0203125
20 0.5984375 0.6046875 0.03828125 0.01796875
20 0.7296875 0.6046875 0.0375 0.0203125
20 0.9078125 0.6046875 0.03828125 0.0203125
20 0.55625 0.6046875 0.0375 0.01953125
20 0.959375 0.6046875 0.04296875 0.02265625
20 0.64453125 0.6046875 0.0375 0.0203125
20 0.81875 0.60546875 0.03984375 0.01953125
20 0.86171875 0.60546875 0.0375 0.01953125
20 0.77265625 0.60546875 0.0375 0.0203125
20 0.24375 0.62109375 0.071875 0.04296875
20 0.46171875 0.6234375 0.040625 0.03828125
20 0.3609375 0.6234375 0.03828125 0.03828125
20 0.4125 0.6234375 0.0375 0.0375
20 0.30859375 0.625 0.03984375 0.03828125
20 0.16328125 0.625 0.06953125 0.04296875
20 0.0828125 0.6265625 0.0734375 0.0453125
20 0.50859375 0.6296875 0.0359375 0.0203125
20 0.64296875 0.63125 0.040625 0.0203125
20 0.5984375 0.63125 0.03828125 0.0203125
20 0.553125 0.63125 0.0359375 0.02421875
20 0.96171875 0.63125 0.03984375 0.01953125
20 0.77734375 0.63203125 0.03515625 0.01953125
20 0.7328125 0.63203125 0.0375 0.0203125
20 0.82109375 0.63359375 0.040625 0.01953125
20 0.865625 0.63359375 0.03984375 0.01953125
20 0.90859375 0.63359375 0.0421875 0.0203125
20 0.68984375 0.63359375 0.0375 0.01796875
20 0.8078125 0.70703125 0.06484375 0.046875
20 0.6046875 0.70703125 0.06484375 0.0453125
20 0.67421875 0.70703125 0.0609375 0.04453125
20 0.74140625 0.70703125 0.06484375 0.0453125
20 0.94140625 0.7078125 0.06015625 0.04296875
20 0.875 0.7078125 0.0640625 0.040625
20 0.53125 0.7078125 0.06875 0.0453125
20 0.42421875 0.71171875 0.03984375 0.040625
20 0.475 0.71171875 0.040625 0.040625
20 0.36875 0.7125 0.046875 0.04296875
20 0.31875 0.7140625 0.0453125 0.04453125
20 0.265625 0.7140625 0.046875 0.0421875
20 0.1625 0.7140625 0.0453125 0.04296875
20 0.21484375 0.7140625 0.0484375 0.04453125
20 0.109375 0.71484375 0.04296875 0.040625