25 0.4203125 0.5953125 0.334375 0.1453125
25 0.45078125 0.6625 0.32421875 0.11875
25 0.415625 0.4828125 0.23828125 0.09375
25 0.75703125 0.5984375 0.32578125 0.11875
25 0.7359375 0.52890625 0.34140625 0.15
25 0.6875 0.46015625 0.31015625 0.115625
25 0.18046875 0.7203125 0.2453125 0.10546875
25 0.15625 0.65390625 0.25390625 0.13125
25 0.15859375 0.55859375 0.2640625 0.12109375
25 0.33515625 0.3734375 0.34140625 0.1296875
25 0.29453125 0.30390625 0.35703125 0.13359375
25 0.2828125 0.1984375 0.29921875 0.12109375
25 0.0796875 0.30078125 0.15859375 0.11328125
25 0.07421875 0.3671875 0.1484375 0.10625
25 0.08671875 0.43046875 0.1734375 0.10546875
25 0.57421875 0.10703125 0.34140625 0.13828125
25 0.59375 0.1703125 0.334375 0.11796875
25 0.64453125 0.2296875 0.37890625 0.14921875
25 0.671875 0.30390625 0.3703125 0.1421875