20 0.5109375 0.3484375 0.071875 0.07109375
20 0.66953125 0.35078125 0.07109375 0.06953125
20 0.59140625 0.35078125 0.07421875 0.07109375
20 0.74375 0.3609375 0.06015625 0.05546875
20 0.8140625 0.3609375 0.0640625 0.053125
20 0.8859375 0.36171875 0.06640625 0.053125
20 0.0515625 0.4421875 0.06875 0.0734375
20 0.12109375 0.4484375 0.05625 0.05859375
20 0.365625 0.44921875 0.053125 0.05625
20 0.18515625 0.44921875 0.0578125 0.05546875
20 0.24296875 0.44921875 0.0515625 0.05546875
20 0.303125 0.44921875 0.05390625 0.05546875
20 0.4234375 0.44921875 0.05078125 0.05546875
20 0.52734375 0.4578125 0.040625 0.04296875
20 0.48046875 0.459375 0.03828125 0.040625
20 0.57421875 0.459375 0.03828125 0.0421875
20 0.84609375 0.459375 0.04453125 0.0421875
20 0.7453125 0.46015625 0.03984375 0.040625
20 0.79296875 0.46015625 0.03984375 0.04296875
20 0.61796875 0.46640625 0.03515625 0.02421875
20 0.6609375 0.4671875 0.0375 0.02421875
20 0.70546875 0.4671875 0.0375 0.02421875
20 0.0671875 0.54921875 0.06484375 0.0640625
20 0.21875 0.5515625 0.0640625 0.0609375
20 0.29296875 0.5484375 0.07578125 0.071875
20 0.14453125 0.5515625 0.06640625 0.0609375
20 0.36640625 0.54921875 0.07578125 0.06953125
20 0.44140625 0.553125 0.071875 0.0578125
20 0.728125 0.55546875 0.06875 0.05390625
20 0.6546875 0.55625 0.06640625 0.05546875
20 0.51328125 0.55625 0.07109375 0.05625
20 0.58515625 0.55625 0.06640625 0.0515625
20 0.8015625 0.5640625 0.0625 0.0484375
20 0.875 0.56640625 0.06640625 0.0484375