20 0.18984375 0.15 0.0203125 0.0484375
20 0.1671875 0.15234375 0.01796875 0.046875
20 0.24140625 0.15234375 0.01796875 0.0453125
20 0.21484375 0.15390625 0.01796875 0.0453125
20 0.2671875 0.1546875 0.01953125 0.0453125
20 0.734375 0.19375 0.0328125 0.0484375
20 0.546875 0.20078125 0.03359375 0.05390625
20 0.58671875 0.2015625 0.03359375 0.05625
20 0.66953125 0.2015625 0.0328125 0.05390625
20 0.703125 0.2015625 0.0296875 0.053125
20 0.62734375 0.2015625 0.0328125 0.05390625
20 0.16015625 0.203125 0.01796875 0.03984375
20 0.23046875 0.203125 0.01796875 0.03984375
20 0.18359375 0.2046875 0.01796875 0.040625
20 0.2078125 0.2046875 0.01796875 0.040625
20 0.2609375 0.2046875 0.0203125 0.03984375
20 0.4125 0.30078125 0.02265625 0.0515625
20 0.5265625 0.29921875 0.02734375 0.05546875
20 0.4421875 0.3015625 0.025 0.04921875
20 0.55546875 0.30078125 0.025 0.0578125
20 0.5828125 0.3015625 0.0265625 0.0578125
20 0.6109375 0.30078125 0.0265625 0.05859375
20 0.49765625 0.3015625 0.02421875 0.053125
20 0.4703125 0.3015625 0.02265625 0.0515625
20 0.34140625 0.31015625 0.03125 0.0453125
20 0.31015625 0.3109375 0.03125 0.0484375
20 0.37890625 0.3140625 0.03359375 0.040625
20 0.4109375 0.3640625 0.02734375 0.0671875
20 0.43984375 0.3640625 0.025 0.06484375
20 0.30625 0.365625 0.03125 0.05859375
20 0.33984375 0.3640625 0.0328125 0.0578125
20 0.525 0.365625 0.025 0.0671875
20 0.4671875 0.36640625 0.02734375 0.06484375
20 0.61328125 0.365625 0.0265625 0.06640625
20 0.49765625 0.365625 0.02421875 0.0640625
20 0.55546875 0.365625 0.0265625 0.06484375
20 0.5828125 0.36640625 0.025 0.06640625
20 0.3765625 0.36640625 0.02890625 0.05546875
20 0.51796875 0.51796875 0.0375 0.07421875
20 0.4796875 0.51796875 0.0359375 0.07421875
20 0.44140625 0.51953125 0.0359375 0.071875
20 0.56953125 0.53125 0.01796875 0.04921875
20 0.58984375 0.53125 0.01796875 0.05078125
20 0.55078125 0.53125 0.0171875 0.04921875
20 0.61328125 0.5328125 0.01796875 0.05078125
20 0.5421875 0.696875 0.0328125 0.08671875
20 0.57578125 0.69921875 0.0328125 0.084375
20 0.6390625 0.69921875 0.0296875 0.0828125
20 0.6078125 0.69921875 0.0296875 0.084375
20 0.24609375 0.5140625 0.0375 0.0796875
20 0.28359375 0.5140625 0.0359375 0.0765625
20 0.321875 0.5171875 0.040625 0.0765625
20 0.3609375 0.51953125 0.03515625 0.07578125
20 0.39765625 0.515625 0.0359375 0.0765625