20 0.80390625 0.39765625 0.07578125 0.053125
20 0.640625 0.39765625 0.0765625 0.053125
20 0.96875 0.39921875 0.0625 0.05078125
20 0.89296875 0.4 0.0765625 0.05078125
20 0.5515625 0.4 0.0875 0.0453125
20 0.72109375 0.4015625 0.08515625 0.0484375
20 0.2015625 0.490625 0.05078125 0.05859375
20 0.25625 0.490625 0.0515625 0.0578125
20 0.0484375 0.49765625 0.040625 0.040625
20 0.0984375 0.4984375 0.040625 0.03984375
20 0.1515625 0.4984375 0.03828125 0.040625
20 0.8125 0.4984375 0.0765625 0.04921875
20 0.9 0.4984375 0.0765625 0.04921875
20 0.72734375 0.5015625 0.084375 0.046875