20 0.5640625 0.24609375 0.06953125 0.109375
20 0.49375 0.24765625 0.06640625 0.1078125
20 0.6859375 0.25625 0.06953125 0.0796875
20 0.4328125 0.25703125 0.05078125 0.0921875
20 0.765625 0.25859375 0.08046875 0.06875
20 0.38203125 0.259375 0.0484375 0.09375
20 0.62890625 0.265625 0.05078125 0.0640625
20 0.4 0.4046875 0.05625 0.07421875
20 0.34140625 0.40625 0.05625 0.0765625
20 0.28515625 0.4078125 0.05546875 0.07578125
20 0.22734375 0.40859375 0.05546875 0.0765625
20 0.1765625 0.41796875 0.03828125 0.0578125
20 0.134375 0.41953125 0.040625 0.0578125
20 0.0890625 0.41953125 0.05078125 0.0578125