20 0.1140625 0.43359375 0.06015625 0.09765625
20 0.22265625 0.4421875 0.04453125 0.08515625
20 0.1734375 0.43984375 0.04296875 0.0828125
20 0.271875 0.44140625 0.03984375 0.0828125
20 0.60703125 0.4421875 0.0515625 0.07421875
20 0.5453125 0.44375 0.0515625 0.07578125
20 0.7515625 0.446875 0.0640625 0.0640625
20 0.67578125 0.4484375 0.0734375 0.0640625
20 0.16015625 0.55078125 0.03359375 0.02421875
20 0.203125 0.55078125 0.03515625 0.021875
20 0.2453125 0.55078125 0.03359375 0.021875
20 0.2875 0.5515625 0.0359375 0.01796875
20 0.46640625 0.578125 0.0359375 0.0578125
20 0.50625 0.5765625 0.0375 0.05390625
20 0.73203125 0.5765625 0.03984375 0.0515625
20 0.7828125 0.578125 0.040625 0.05390625
20 0.27734375 0.58984375 0.0359375 0.02734375
20 0.15234375 0.59140625 0.03125 0.02890625
20 0.1921875 0.59140625 0.03515625 0.02890625
20 0.2359375 0.59140625 0.0328125 0.0328125
20 0.765625 0.69375 0.08046875 0.0625
20 0.47265625 0.82109375 0.05078125 0.0640625
20 0.5296875 0.8234375 0.05625 0.06015625
20 0.5984375 0.8296875 0.0625 0.06015625