20 0.5421875 0.40390625 0.0359375 0.03828125
20 0.50390625 0.4046875 0.03125 0.040625
20 0.58515625 0.43046875 0.02734375 0.02734375
20 0.65 0.43046875 0.0296875 0.0296875
20 0.61875 0.43046875 0.03125 0.0296875
20 0.359375 0.43984375 0.05625 0.08984375
20 0.30625 0.44140625 0.0453125 0.09375
20 0.8171875 0.44375 0.06015625 0.06953125
20 0.75625 0.44453125 0.0609375 0.0734375
20 0.46640625 0.4515625 0.04921875 0.06640625
20 0.6984375 0.44921875 0.0515625 0.06484375
20 0.4171875 0.4515625 0.046875 0.06484375
20 0.515625 0.45703125 0.03828125 0.046875
20 0.55390625 0.45703125 0.03984375 0.046875
20 0.6546875 0.46484375 0.0296875 0.03359375
20 0.58984375 0.46640625 0.03125 0.03359375
20 0.62265625 0.46640625 0.02734375 0.03359375
20 0.81484375 0.58671875 0.03984375 0.0515625
20 0.43359375 0.58671875 0.06015625 0.06875
20 0.76796875 0.5875 0.0453125 0.0515625
20 0.7171875 0.5890625 0.04296875 0.04921875
20 0.49609375 0.5890625 0.0609375 0.05546875
20 0.36796875 0.5890625 0.0625 0.0734375
20 0.55859375 0.5890625 0.0578125 0.05625
20 0.66953125 0.5921875 0.04296875 0.046875
20 0.61328125 0.5921875 0.0453125 0.04921875
20 0.68359375 0.82109375 0.02265625 0.03984375
20 0.65390625 0.821875 0.02421875 0.03984375
20 0.625 0.82421875 0.025 0.040625
20 0.7921875 0.92578125 0.03984375 0.053125
20 0.75 0.928125 0.04453125 0.0578125
20 0.70703125 0.93125 0.040625 0.05625
20 0.6671875 0.93359375 0.0421875 0.05859375
20 0.57421875 0.93515625 0.04921875 0.06640625
20 0.51953125 0.9375 0.05546875 0.06953125
20 0.625 0.9375 0.03984375 0.0625
20 0.46640625 0.9421875 0.05078125 0.0671875
20 0.41015625 0.94453125 0.05390625 0.0671875
20 0.353125 0.94921875 0.0515625 0.06875
20 0.30078125 0.9515625 0.05625 0.06875