20 0.05546875 0.4375 0.10234375 0.0765625
20 0.1578125 0.44140625 0.0953125 0.06484375
20 0.34609375 0.44453125 0.09140625 0.053125
20 0.43359375 0.446875 0.0765625 0.0515625
20 0.25390625 0.446875 0.08671875 0.05078125
20 0.81484375 0.540625 0.05390625 0.05390625
20 0.30859375 0.5421875 0.0765625 0.07578125
20 0.75859375 0.540625 0.05390625 0.0515625
20 0.225 0.5453125 0.07578125 0.07578125
20 0.4515625 0.546875 0.0625 0.0578125
20 0.86875 0.5453125 0.040625 0.0421875
20 0.3859375 0.54921875 0.06484375 0.0578125
20 0.61640625 0.5515625 0.046875 0.04453125
20 0.56640625 0.5515625 0.0484375 0.0421875
20 0.515625 0.553125 0.046875 0.0421875
20 0.70703125 0.55546875 0.0359375 0.02265625
20 0.6671875 0.55625 0.0375 0.02421875
20 0.15234375 0.56015625 0.04453125 0.0484375
20 0.0453125 0.5640625 0.04296875 0.04921875
20 0.0984375 0.5625 0.0484375 0.0484375