20 0.11171875 0.5359375 0.0671875 0.10078125
20 0.0359375 0.5359375 0.0671875 0.1
20 0.334375 0.540625 0.09375 0.09375
20 0.4265625 0.540625 0.0875 0.0921875
20 0.52265625 0.53984375 0.0890625 0.09375
20 0.2546875 0.55078125 0.05390625 0.06953125
20 0.18515625 0.55078125 0.05625 0.06875
20 0.8171875 0.55078125 0.0984375 0.07421875
20 0.7171875 0.55078125 0.09609375 0.071875
20 0.6203125 0.54921875 0.09765625 0.07421875
20 0.9640625 0.56484375 0.0515625 0.03984375
20 0.89921875 0.56640625 0.046875 0.03828125
20 0.52734375 0.6625 0.11796875 0.0921875
20 0.02734375 0.66328125 0.05390625 0.0921875
20 0.2234375 0.66484375 0.10078125 0.1
20 0.11328125 0.66484375 0.10546875 0.09765625
20 0.4171875 0.66796875 0.08671875 0.08984375
20 0.3234375 0.66796875 0.0875 0.0875
20 0.64296875 0.67578125 0.1078125 0.06953125