20 0.259375 0.69921875 0.06015625 0.05390625
20 0.32578125 0.69921875 0.05546875 0.05390625
20 0.521875 0.69921875 0.0609375 0.06015625
20 0.3953125 0.70078125 0.06875 0.05546875
20 0.18515625 0.7046875 0.06953125 0.0484375
20 0.4578125 0.70546875 0.0515625 0.053125
20 0.490625 0.8125 0.03984375 0.025
20 0.57109375 0.8140625 0.03125 0.025
20 0.5328125 0.8140625 0.0296875 0.02421875
20 0.57109375 0.85703125 0.03984375 0.025
20 0.53125 0.8578125 0.02890625 0.0296875
20 0.49140625 0.8609375 0.0359375 0.03359375
20 0.6140625 0.896875 0.06015625 0.05859375
20 0.68125 0.89921875 0.0609375 0.05859375
20 0.7515625 0.9 0.0625 0.05859375
20 0.48828125 0.90859375 0.03125 0.02890625
20 0.5296875 0.90859375 0.03359375 0.02890625
20 0.5671875 0.90859375 0.03125 0.02890625
20 0.0765625 0.41796875 0.03828125 0.08203125
20 0.2328125 0.42421875 0.0515625 0.0765625
20 0.29296875 0.42578125 0.05546875 0.0765625
20 0.47734375 0.42578125 0.053125 0.0765625
20 0.5359375 0.42578125 0.05859375 0.0765625
20 0.353125 0.42578125 0.0515625 0.078125
20 0.59609375 0.42578125 0.05078125 0.078125
20 0.41328125 0.4265625 0.053125 0.078125
20 0.17890625 0.4328125 0.03359375 0.05625
20 0.1296875 0.43515625 0.0375 0.06015625
20 0.3921875 0.553125 0.07421875 0.0890625
20 0.47734375 0.55625 0.071875 0.0796875
20 0.55546875 0.5578125 0.078125 0.0796875
20 0.13828125 0.55859375 0.05078125 0.07109375
20 0.1984375 0.56015625 0.05078125 0.071875
20 0.08203125 0.5609375 0.0515625 0.06875
20 0.25 0.56953125 0.040625 0.05546875