20 0.80390625 0.2703125 0.04296875 0.03984375
20 0.7609375 0.271875 0.0375 0.0421875
20 0.75703125 0.31875 0.0375 0.046875
20 0.80078125 0.31875 0.03828125 0.04921875
20 0.765625 0.38203125 0.040625 0.03984375
20 0.7140625 0.38359375 0.040625 0.03984375
20 0.0359375 0.41484375 0.071875 0.06484375
20 0.11640625 0.41484375 0.07421875 0.0640625
20 0.19609375 0.415625 0.084375 0.0640625
20 0.275 0.4171875 0.07421875 0.0625
20 0.35078125 0.41796875 0.078125 0.05625
20 0.42578125 0.421875 0.06015625 0.05078125
20 0.49765625 0.42578125 0.071875 0.046875
20 0.71640625 0.4265625 0.04296875 0.04296875
20 0.7640625 0.4265625 0.040625 0.04296875
20 0.05390625 0.5015625 0.07421875 0.06015625
20 0.37265625 0.5 0.07421875 0.05390625
20 0.53359375 0.5 0.06640625 0.05625
20 0.45703125 0.5 0.06953125 0.05625
20 0.209375 0.5 0.0796875 0.05625
20 0.67890625 0.5 0.05078125 0.05625
20 0.13203125 0.5 0.071875 0.05859375
20 0.740625 0.5015625 0.05078125 0.05625
20 0.61640625 0.5015625 0.05625 0.05625
20 0.796875 0.50859375 0.040625 0.04453125
20 0.89453125 0.50703125 0.03828125 0.04296875
20 0.8453125 0.50859375 0.04296875 0.04453125
20 0.290625 0.5109375 0.078125 0.03359375