20 0.7015625 0.64296875 0.053125 0.09375
20 0.63828125 0.64296875 0.0484375 0.0921875
20 0.85078125 0.64765625 0.0375 0.0796875
20 0.803125 0.64765625 0.0359375 0.08203125
20 0.896875 0.65859375 0.03359375 0.05546875
20 0.94140625 0.66015625 0.0328125 0.0578125
20 0.3078125 0.66796875 0.0421875 0.06015625
20 0.259375 0.66953125 0.04453125 0.0578125
20 0.2125 0.6703125 0.0421875 0.05546875
20 0.16328125 0.6703125 0.04453125 0.05625
20 0.1140625 0.671875 0.04453125 0.05625
20 0.334375 0.34140625 0.0734375 0.109375
20 0.2609375 0.34140625 0.0671875 0.1078125
20 0.1 0.34609375 0.08515625 0.10078125
20 0.1828125 0.35 0.0796875 0.09140625
20 0.8328125 0.35 0.08046875 0.0828125
20 0.91328125 0.35078125 0.0765625 0.0828125
20 0.76171875 0.36171875 0.0453125 0.0640625
20 0.71171875 0.36171875 0.0484375 0.0625
20 0.66015625 0.36171875 0.04453125 0.0640625
20 0.7328125 0.4953125 0.05078125 0.10078125
20 0.54453125 0.49609375 0.04921875 0.09765625
20 0.6046875 0.49765625 0.05390625 0.09765625
20 0.6671875 0.49765625 0.046875 0.1
20 0.28125 0.51328125 0.05625 0.07578125
20 0.2203125 0.51328125 0.05625 0.07578125
20 0.16015625 0.5140625 0.05546875 0.07421875
20 0.09765625 0.5140625 0.0578125 0.07578125
20 0.30859375 0.609375 0.0421875 0.05390625
20 0.25859375 0.61171875 0.0484375 0.0515625
20 0.16015625 0.61328125 0.046875 0.05390625
20 0.11171875 0.615625 0.0421875 0.053125