20 0.49296875 0.6296875 0.0734375 0.1421875
20 0.57109375 0.62734375 0.07578125 0.14296875
20 0.6453125 0.6421875 0.0625 0.1296875
20 0.1109375 0.6453125 0.0734375 0.11328125
20 0.5328125 0.078125 0.040625 0.15625
20 0.58515625 0.0796875 0.04296875 0.15859375
20 0.10546875 0.8421875 0.0484375 0.1625
20 0.26328125 0.8609375 0.05078125 0.13203125
20 0.321875 0.86171875 0.053125 0.1234375
20 0.37734375 0.86171875 0.0515625 0.1265625
20 0.21171875 0.87734375 0.0421875 0.09765625
20 0.16484375 0.87734375 0.04453125 0.09609375
20 0.43125 0.89453125 0.03515625 0.05859375
20 0.4734375 0.8953125 0.03828125 0.0609375
20 0.36640625 0.0984375 0.0375 0.11796875
20 0.321875 0.1 0.03828125 0.12265625