20 0.2296875 0.13359375 0.06015625 0.07578125
20 0.29921875 0.13828125 0.0609375 0.0671875
20 0.56015625 0.140625 0.05625 0.06875
20 0.6203125 0.1421875 0.05390625 0.05859375
20 0.35546875 0.1421875 0.04296875 0.0640625
20 0.39921875 0.1421875 0.040625 0.0609375
20 0.734375 0.1453125 0.05390625 0.05859375
20 0.78984375 0.146875 0.0515625 0.05625
20 0.6765625 0.14765625 0.053125 0.05546875
20 0.24765625 0.24140625 0.02734375 0.0640625
20 0.2765625 0.24140625 0.03125 0.0640625
20 0.19140625 0.24296875 0.0265625 0.06640625
20 0.3328125 0.24296875 0.0296875 0.0609375
20 0.62890625 0.24296875 0.05546875 0.06875
20 0.571875 0.24296875 0.05546875 0.06875
20 0.2203125 0.24375 0.0265625 0.06640625
20 0.30546875 0.2453125 0.02734375 0.06484375
20 0.3703125 0.2453125 0.04296875 0.05859375
20 0.415625 0.24609375 0.04453125 0.05859375
20 0.73203125 0.24765625 0.05078125 0.05625
20 0.68125 0.2484375 0.046875 0.05625
20 0.7859375 0.2484375 0.0515625 0.05625
20 0.84375 0.25 0.0515625 0.05546875
20 0.45546875 0.2546875 0.03359375 0.04453125
20 0.52265625 0.2546875 0.03515625 0.040625
20 0.490625 0.2546875 0.03125 0.0421875
20 0.7984375 0.334375 0.05078125 0.0453125
20 0.69140625 0.33515625 0.02734375 0.025
20 0.634375 0.33671875 0.0265625 0.025
20 0.6625 0.33671875 0.025 0.025
20 0.20078125 0.33984375 0.03515625 0.053125
20 0.2359375 0.34140625 0.0359375 0.05546875
20 0.37265625 0.34609375 0.0421875 0.0515625
20 0.4171875 0.34609375 0.04296875 0.053125
20 0.46015625 0.34765625 0.0421875 0.05390625
20 0.5015625 0.34765625 0.04296875 0.05390625
20 0.26796875 0.35078125 0.03125 0.03984375
20 0.33046875 0.35234375 0.0328125 0.03984375
20 0.30078125 0.35234375 0.03125 0.03828125
20 0.740625 0.353125 0.0484375 0.0453125
20 0.5421875 0.3546875 0.03515625 0.03828125
20 0.6078125 0.3546875 0.03125 0.040625
20 0.85 0.35546875 0.053125 0.04453125
20 0.57578125 0.35546875 0.0328125 0.040625
20 0.640625 0.36171875 0.0265625 0.025
20 0.66953125 0.36328125 0.0265625 0.02421875
20 0.69921875 0.36328125 0.02734375 0.02421875