20 0.08515625 0.2359375 0.040625 0.05546875
20 0.12890625 0.23671875 0.040625 0.05625
20 0.60703125 0.35703125 0.0515625 0.0921875
20 0.66015625 0.35703125 0.046875 0.0921875
20 0.71484375 0.37265625 0.05859375 0.05625
20 0.77890625 0.3734375 0.0609375 0.053125
20 0.84375 0.375 0.0640625 0.0578125
20 0.21484375 0.46875 0.071875 0.0828125
20 0.290625 0.4703125 0.06953125 0.08046875
20 0.1390625 0.4734375 0.06953125 0.06875
20 0.36640625 0.4734375 0.06953125 0.0796875
20 0.6203125 0.4859375 0.0515625 0.06640625
20 0.67421875 0.4859375 0.046875 0.06640625
20 0.72265625 0.4859375 0.0453125 0.0671875
20 0.771875 0.48828125 0.0484375 0.0671875
20 0.8234375 0.48828125 0.046875 0.06484375
20 0.43984375 0.4890625 0.04453125 0.05078125
20 0.48046875 0.490625 0.04296875 0.04921875
20 0.56875 0.49140625 0.04453125 0.0515625
20 0.52265625 0.49140625 0.04296875 0.05078125
20 0.7828125 0.709375 0.03125 0.0296875
20 0.8140625 0.709375 0.03125 0.0265625
20 0.8125 0.73828125 0.03125 0.0265625
20 0.77734375 0.7390625 0.03125 0.0265625
20 0.80390625 0.865625 0.05546875 0.06015625
20 0.74765625 0.865625 0.04921875 0.05625