20 0.6140625 0.2640625 0.0578125 0.0484375
20 0.49296875 0.2640625 0.046875 0.0484375
20 0.5515625 0.2640625 0.0515625 0.0484375
20 0.8140625 0.27890625 0.0375 0.02421875
20 0.8578125 0.2796875 0.0296875 0.025
20 0.9359375 0.2796875 0.02890625 0.021875
20 0.89921875 0.2796875 0.0296875 0.02421875
20 0.6734375 0.28515625 0.0359375 0.03828125
20 0.71875 0.28515625 0.03984375 0.040625
20 0.7671875 0.2859375 0.0359375 0.0375
20 0.83203125 0.30546875 0.03515625 0.02265625
20 0.921875 0.30546875 0.0359375 0.021875
20 0.8734375 0.30625 0.0359375 0.02421875
20 0.9640625 0.30625 0.0328125 0.02265625
20 0.35 0.3125 0.06953125 0.08671875
20 0.4265625 0.3125 0.07109375 0.08671875
20 0.49765625 0.321875 0.0578125 0.0609375
20 0.6296875 0.321875 0.0578125 0.0625
20 0.56484375 0.3234375 0.0625 0.0625
20 0.23828125 0.3296875 0.04296875 0.0515625
20 0.2875 0.3296875 0.0375 0.05078125
20 0.790625 0.33046875 0.03984375 0.04921875
20 0.68984375 0.33203125 0.04453125 0.0484375
20 0.740625 0.33203125 0.0453125 0.04921875
20 0.83203125 0.3390625 0.0296875 0.0296875
20 0.875 0.3390625 0.0359375 0.02890625
20 0.9578125 0.34140625 0.0375 0.02734375
20 0.91796875 0.33984375 0.03828125 0.02890625
20 0.8390625 0.3953125 0.0359375 0.0421875
20 0.88203125 0.3953125 0.0359375 0.040625
20 0.9265625 0.3953125 0.0359375 0.040625
20 0.47109375 0.42890625 0.08046875 0.07109375
20 0.3890625 0.42890625 0.08203125 0.071875
20 0.078125 0.43125 0.07421875 0.06640625
20 0.16328125 0.43125 0.08046875 0.06875
20 0.63671875 0.4328125 0.07578125 0.0578125
20 0.55546875 0.43515625 0.071875 0.0609375
20 0.7125 0.4375 0.06015625 0.04921875
20 0.31015625 0.4390625 0.071875 0.05625
20 0.23671875 0.4390625 0.06953125 0.05546875
20 0.790625 0.43984375 0.078125 0.05078125
20 0.90234375 0.43984375 0.03828125 0.0421875
20 0.9484375 0.44140625 0.0359375 0.0453125
20 0.85546875 0.4421875 0.0359375 0.0453125
20 0.5015625 0.77265625 0.06484375 0.05078125
20 0.56875 0.77265625 0.06640625 0.0484375
20 0.13671875 0.77265625 0.07109375 0.05625
20 0.2125 0.775 0.06640625 0.05546875
20 0.359375 0.7765625 0.07109375 0.05546875
20 0.43125 0.77890625 0.06875 0.03984375
20 0.2859375 0.7796875 0.071875 0.053125