20 0.18125 0.7828125 0.0765625 0.040625
20 0.34375 0.78359375 0.0640625 0.0421875
20 0.4953125 0.78359375 0.0640625 0.03828125
20 0.26796875 0.7859375 0.0640625 0.040625
20 0.4375 0.49375 0.08203125 0.06875
20 0.35078125 0.4953125 0.08203125 0.06875
20 0.521875 0.4953125 0.08515625 0.06875
20 0.1234375 0.50703125 0.04296875 0.03984375
20 0.1765625 0.50859375 0.0453125 0.03828125
20 0.2828125 0.50859375 0.04296875 0.0359375
20 0.2296875 0.509375 0.0484375 0.03828125
20 0.3390625 0.58515625 0.0796875 0.05859375
20 0.25390625 0.58671875 0.08046875 0.05625
20 0.4203125 0.5875 0.0796875 0.05546875
20 0.1671875 0.5890625 0.08515625 0.053125
20 0.50703125 0.5890625 0.0796875 0.05546875
20 0.22265625 0.68046875 0.06484375 0.04296875
20 0.30078125 0.68046875 0.05859375 0.04296875
20 0.44921875 0.68046875 0.0625 0.040625
20 0.60703125 0.68125 0.06484375 0.03828125
20 0.375 0.68125 0.0625 0.04296875
20 0.52421875 0.68125 0.06484375 0.03984375
20 0.15 0.68125 0.0625 0.0453125
20 0.56953125 0.7703125 0.0640625 0.03828125
20 0.4203125 0.78125 0.0625 0.0421875