20 0.046875 0.2234375 0.078125 0.12734375
20 0.13125 0.22734375 0.07578125 0.12734375
20 0.20078125 0.24296875 0.0578125 0.103125
20 0.25859375 0.24375 0.06015625 0.1078125
20 0.31640625 0.2453125 0.05859375 0.10546875
20 0.5484375 0.25625 0.0671875 0.09140625
20 0.61796875 0.25703125 0.06953125 0.0921875
20 0.37734375 0.26171875 0.04453125 0.071875
20 0.8453125 0.265625 0.06484375 0.08203125
20 0.76328125 0.26953125 0.0796875 0.0734375
20 0.915625 0.26953125 0.0625 0.0796875
20 0.68046875 0.271875 0.05390625 0.0640625
20 0.9703125 0.28828125 0.03984375 0.0375
20 0.74375 0.42578125 0.06640625 0.06953125
20 0.678125 0.4265625 0.0671875 0.06953125
20 0.60078125 0.4265625 0.06875 0.071875
20 0.42578125 0.42890625 0.084375 0.06953125
20 0.51953125 0.43046875 0.078125 0.06875
20 0.08046875 0.43125 0.05546875 0.0671875
20 0.20546875 0.4328125 0.05546875 0.0640625
20 0.33671875 0.43125 0.08515625 0.071875
20 0.26171875 0.43125 0.0515625 0.06640625
20 0.14453125 0.4328125 0.0578125 0.0671875