20 0.31015625 0.94375 0.084375 0.08515625
20 0.39765625 0.94453125 0.08203125 0.08671875
20 0.946875 0.1203125 0.09609375 0.1
20 0.7609375 0.12265625 0.08671875 0.10234375
20 0.853125 0.1234375 0.08671875 0.103125
20 0.66796875 0.1234375 0.0890625 0.10703125
20 0.5734375 0.1265625 0.09140625 0.10546875
20 0.2515625 0.2484375 0.07421875 0.0765625
20 0.17578125 0.25 0.0734375 0.0796875
20 0.7296875 0.2515625 0.05390625 0.05859375
20 0.09375 0.25390625 0.08203125 0.08671875
20 0.67578125 0.25390625 0.05546875 0.06484375
20 0.321875 0.25703125 0.06015625 0.0578125
20 0.4515625 0.25703125 0.05859375 0.06015625
20 0.3859375 0.25703125 0.06015625 0.05859375
20 0.62109375 0.2640625 0.04453125 0.03515625
20 0.5640625 0.265625 0.0453125 0.0359375
20 0.50859375 0.265625 0.0453125 0.0328125
20 0.9125 0.3734375 0.0984375 0.08671875
20 0.80859375 0.3734375 0.09609375 0.08671875
20 0.7078125 0.3765625 0.1 0.0875
20 0.5984375 0.37890625 0.08984375 0.0890625
20 0.17890625 0.3796875 0.0921875 0.08671875
20 0.38125 0.3796875 0.0953125 0.08671875
20 0.28515625 0.38125 0.0890625 0.08671875
20 0.07421875 0.38125 0.09765625 0.08671875
20 0.49296875 0.38125 0.0890625 0.08984375
20 0.1765625 0.515625 0.084375 0.071875
20 0.26953125 0.515625 0.08984375 0.0734375
20 0.0640625 0.5171875 0.103125 0.07109375
20 0.52421875 0.5203125 0.08046875 0.0640625
20 0.79921875 0.5203125 0.078125 0.0609375
20 0.615625 0.521875 0.0953125 0.0625
20 0.4421875 0.52265625 0.071875 0.0578125
20 0.71015625 0.52265625 0.08046875 0.0640625
20 0.90234375 0.52265625 0.08984375 0.0609375
20 0.359375 0.52421875 0.08671875 0.053125
20 0.5296875 0.63671875 0.08203125 0.0828125
20 0.4375 0.6390625 0.0890625 0.078125
20 0.6265625 0.640625 0.084375 0.06875
20 0.30078125 0.65234375 0.046875 0.05546875
20 0.23828125 0.65234375 0.05390625 0.053125
20 0.3578125 0.65234375 0.0484375 0.0515625
20 0.1765625 0.6546875 0.0515625 0.05390625
20 0.115625 0.6546875 0.05546875 0.053125
20 0.053125 0.6546875 0.05625 0.05546875