20 0.73046875 0.0796875 0.09765625 0.12109375
20 0.678125 0.83046875 0.0578125 0.06875
20 0.74296875 0.834375 0.05859375 0.0640625
20 0.615625 0.83671875 0.05859375 0.05546875
20 0.4890625 0.83671875 0.06015625 0.05859375
20 0.553125 0.83671875 0.05078125 0.05859375
20 0.625 0.08515625 0.0984375 0.1203125
20 0.525 0.0890625 0.1 0.1234375
20 0.73046875 0.9484375 0.0671875 0.0796875
20 0.66328125 0.95078125 0.0671875 0.07421875
20 0.415625 0.09609375 0.0984375 0.1234375
20 0.72578125 0.2953125 0.0828125 0.115625
20 0.6296875 0.30546875 0.09140625 0.1109375
20 0.53359375 0.3078125 0.08984375 0.11328125
20 0.43515625 0.30859375 0.08984375 0.11796875
20 0.71484375 0.49375 0.06640625 0.0875
20 0.44921875 0.5 0.08203125 0.08984375
20 0.5375 0.5015625 0.084375 0.0875
20 0.896875 0.5015625 0.04453125 0.05390625
20 0.63359375 0.5015625 0.08515625 0.08203125
20 0.953125 0.50234375 0.0484375 0.053125
20 0.8390625 0.50625 0.04296875 0.0640625
20 0.74296875 0.671875 0.0421875 0.0578125
20 0.69140625 0.6734375 0.046875 0.05546875
20 0.59140625 0.67578125 0.046875 0.05546875
20 0.6390625 0.67578125 0.04921875 0.05546875
20 0.53828125 0.678125 0.04296875 0.053125
20 0.4421875 0.67890625 0.046875 0.05390625
20 0.49296875 0.67890625 0.04453125 0.05390625