20 0.446875 0.796875 0.06484375 0.084375
20 0.3015625 0.7984375 0.07109375 0.0875
20 0.3734375 0.796875 0.07421875 0.08671875
20 0.2234375 0.803125 0.08515625 0.08203125
20 0.55859375 0.80390625 0.046875 0.06640625
20 0.50859375 0.80546875 0.040625 0.06640625
20 0.18046875 0.62890625 0.07421875 0.12734375
20 0.2609375 0.63125 0.06953125 0.1265625
20 0.34140625 0.63203125 0.06484375 0.12734375
20 0.41015625 0.6578125 0.0421875 0.071875
20 0.46171875 0.6609375 0.04453125 0.06953125
20 0.515625 0.6609375 0.046875 0.07421875