20 0.4328125 0.14453125 0.1109375 0.0640625
20 0.3125 0.14765625 0.1109375 0.0640625
20 0.18125 0.15234375 0.09765625 0.0578125
20 0.0625 0.1546875 0.09140625 0.05859375
20 0.4859375 0.2671875 0.1109375 0.08671875
20 0.38828125 0.271875 0.0734375 0.07109375
20 0.31640625 0.2921875 0.05078125 0.02734375
20 0.25859375 0.2921875 0.046875 0.0265625
20 0.2046875 0.29453125 0.05078125 0.02734375
20 0.0796875 0.29453125 0.05390625 0.02734375
20 0.14296875 0.29453125 0.06015625 0.0296875
20 0.36171875 0.390625 0.08515625 0.04921875
20 0.14453125 0.3921875 0.08984375 0.0484375
20 0.26171875 0.39296875 0.08984375 0.053125