20 0.40234375 0.1078125 0.05078125 0.0453125
20 0.459375 0.109375 0.05078125 0.046875
20 0.1234375 0.1140625 0.07421875 0.1109375
20 0.20546875 0.115625 0.071875 0.11328125
20 0.34375 0.1359375 0.053125 0.0796875
20 0.84765625 0.13359375 0.0734375 0.0953125
20 0.27734375 0.134375 0.06015625 0.078125
20 0.76796875 0.13828125 0.07109375 0.10546875
20 0.70078125 0.146875 0.05625 0.07421875
20 0.634375 0.146875 0.0515625 0.0796875
20 0.4015625 0.15859375 0.0453125 0.0484375
20 0.4546875 0.16015625 0.046875 0.0453125
20 0.7859375 0.62109375 0.08046875 0.0875
20 0.6875 0.62109375 0.078125 0.09140625
20 0.60234375 0.62890625 0.0796875 0.07578125
20 0.42578125 0.63203125 0.07421875 0.06640625
20 0.33984375 0.63359375 0.0671875 0.07109375
20 0.51171875 0.634375 0.078125 0.071875
20 0.56640625 0.77734375 0.0734375 0.0640625