20 0.94453125 0.16015625 0.0453125 0.08046875
20 0.2671875 0.31015625 0.06953125 0.103125
20 0.84609375 0.3109375 0.0359375 0.0328125
20 0.3390625 0.3109375 0.07109375 0.103125
20 0.884375 0.3109375 0.03984375 0.0328125
20 0.8109375 0.3125 0.03359375 0.03515625
20 0.41015625 0.3125 0.06875 0.10234375
20 0.92421875 0.3125 0.040625 0.03515625
20 0.47265625 0.3234375 0.05859375 0.0796875
20 0.53125 0.32578125 0.05546875 0.08203125
20 0.58984375 0.3265625 0.0609375 0.08203125
20 0.65 0.3265625 0.0578125 0.08203125
20 0.7671875 0.328125 0.05546875 0.0796875
20 0.709375 0.3296875 0.05546875 0.0796875
20 0.81640625 0.35078125 0.040625 0.03359375
20 0.8578125 0.35234375 0.03828125 0.03515625
20 0.89765625 0.353125 0.0375 0.0328125
20 0.9359375 0.353125 0.0359375 0.0328125
20 0.5328125 0.415625 0.03515625 0.03828125
20 0.6234375 0.4171875 0.03515625 0.0359375
20 0.4890625 0.4171875 0.03984375 0.0375
20 0.5765625 0.4171875 0.0375 0.0359375
20 0.7140625 0.41796875 0.03828125 0.0375
20 0.853125 0.41796875 0.0375 0.03984375
20 0.6703125 0.41796875 0.0375 0.0375
20 0.76328125 0.41796875 0.040625 0.03828125
20 0.80859375 0.41796875 0.03828125 0.040625
20 0.89765625 0.41953125 0.03984375 0.040625
20 0.03125 0.446875 0.03125 0.078125
20 0.1078125 0.45078125 0.03359375 0.0765625
20 0.06953125 0.4515625 0.03359375 0.078125
20 0.14296875 0.4515625 0.0375 0.0765625
20 0.18359375 0.4515625 0.02890625 0.078125
20 0.22265625 0.453125 0.03359375 0.0796875
20 0.259375 0.4546875 0.0328125 0.08046875
20 0.2953125 0.4546875 0.0359375 0.078125
20 0.37109375 0.45546875 0.0375 0.078125
20 0.4078125 0.45546875 0.025 0.078125
20 0.3328125 0.45546875 0.0328125 0.0796875
20 0.44375 0.45546875 0.03125 0.078125
20 0.4859375 0.4671875 0.0359375 0.05078125
20 0.53125 0.46875 0.0421875 0.0515625
20 0.57578125 0.4703125 0.0421875 0.05078125
20 0.6234375 0.4703125 0.0453125 0.0515625
20 0.6703125 0.47109375 0.0421875 0.04921875
20 0.71875 0.47265625 0.0421875 0.053125
20 0.76796875 0.47265625 0.040625 0.0484375
20 0.8140625 0.4734375 0.03984375 0.053125
20 0.9078125 0.4734375 0.03828125 0.0515625
20 0.8609375 0.4734375 0.03828125 0.053125
20 0.1296875 0.59375 0.06953125 0.0671875
20 0.20078125 0.59765625 0.06484375 0.0734375
20 0.584375 0.59609375 0.05859375 0.071875
20 0.51796875 0.5984375 0.06640625 0.071875
20 0.271875 0.5984375 0.0640625 0.06484375
20 0.06015625 0.5984375 0.06953125 0.071875
20 0.33515625 0.603125 0.05859375 0.0625
20 0.6453125 0.603125 0.05859375 0.0640625
20 0.396875 0.60546875 0.05625 0.06015625
20 0.453125 0.60546875 0.05390625 0.0578125
20 0.7640625 0.60703125 0.05859375 0.0625
20 0.703125 0.60703125 0.05546875 0.0625
20 0.8234375 0.6078125 0.0578125 0.06484375
20 0.884375 0.6078125 0.05859375 0.0625