20 0.88203125 0.33671875 0.0453125 0.03984375
20 0.93515625 0.3375 0.046875 0.040625
20 0.196875 0.3484375 0.09609375 0.11640625
20 0.75390625 0.36171875 0.0734375 0.09765625
20 0.3703125 0.3640625 0.08046875 0.08046875
20 0.28984375 0.36640625 0.0890625 0.0796875
20 0.821875 0.3734375 0.0609375 0.078125
20 0.509375 0.37109375 0.06484375 0.0765625
20 0.44609375 0.37265625 0.0609375 0.07421875
20 0.94140625 0.38671875 0.04921875 0.04296875
20 0.88671875 0.38828125 0.05078125 0.0453125
20 0.540625 0.5640625 0.03984375 0.071875
20 0.5875 0.56484375 0.040625 0.071875
20 0.6390625 0.56640625 0.04453125 0.0734375
20 0.69140625 0.5671875 0.0421875 0.07109375
20 0.74296875 0.5671875 0.04453125 0.07421875
20 0.79453125 0.56953125 0.04453125 0.071875
20 0.8703125 0.6703125 0.0453125 0.05546875
20 0.81640625 0.671875 0.04453125 0.05546875
20 0.453125 0.7234375 0.084375 0.0890625
20 0.765625 0.7359375 0.05859375 0.078125
20 0.6921875 0.7390625 0.0734375 0.06640625
20 0.6078125 0.74140625 0.0734375 0.06484375
20 0.82421875 0.74765625 0.04921875 0.0640625
20 0.88359375 0.7484375 0.0484375 0.0625