20 0.0453125 0.23671875 0.08984375 0.1421875
20 0.14453125 0.2390625 0.0828125 0.13203125
20 0.2359375 0.2453125 0.0890625 0.1296875
20 0.32421875 0.2484375 0.08203125 0.13125
20 0.4625 0.4421875 0.03984375 0.03984375
20 0.5890625 0.44375 0.0328125 0.03828125
20 0.50390625 0.44453125 0.0328125 0.04296875
20 0.546875 0.44453125 0.03515625 0.040625
20 0.96640625 0.46171875 0.0265625 0.053125
20 0.92890625 0.4625 0.03125 0.0515625
20 0.89296875 0.4640625 0.02890625 0.053125
20 0.85234375 0.46484375 0.03359375 0.0515625
20 0.17421875 0.46484375 0.07421875 0.09609375
20 0.765625 0.46640625 0.03359375 0.05546875
20 0.725 0.46640625 0.0375 0.06015625
20 0.63203125 0.4671875 0.03515625 0.0640625
20 0.81015625 0.4671875 0.03515625 0.05546875
20 0.68046875 0.4671875 0.03515625 0.0625
20 0.3609375 0.475 0.0453125 0.06484375
20 0.41328125 0.475 0.03984375 0.06484375
20 0.24296875 0.47578125 0.0484375 0.06875
20 0.3015625 0.47578125 0.04921875 0.06875
20 0.5875 0.484375 0.0328125 0.02734375
20 0.46015625 0.4859375 0.0421875 0.03515625
20 0.50625 0.48828125 0.03359375 0.03515625
20 0.546875 0.48828125 0.0328125 0.03125
20 0.29296875 0.61875 0.08203125 0.0953125
20 0.20078125 0.6265625 0.08515625 0.1
20 0.10234375 0.62890625 0.0984375 0.1078125
20 0.8390625 0.7125 0.0578125 0.0734375
20 0.78359375 0.7140625 0.05625 0.0796875
20 0.7234375 0.7234375 0.05859375 0.0796875
20 0.6625 0.73203125 0.0625 0.08203125
20 0.5890625 0.74140625 0.06640625 0.08203125
20 0.5171875 0.74765625 0.07109375 0.08046875
20 0.4421875 0.75859375 0.07578125 0.084375
20 0.359375 0.765625 0.08203125 0.08984375
20 0.27734375 0.775 0.08046875 0.08671875
20 0.1859375 0.7828125 0.08671875 0.09609375
20 0.0921875 0.78984375 0.084375 0.0984375
20 0.36796875 0.9046875 0.06953125 0.06015625
20 0.28359375 0.9171875 0.08046875 0.0609375
20 0.19375 0.93046875 0.078125 0.06484375
20 0.10546875 0.93984375 0.0734375 0.0625