20 0.5171875 0.62109375 0.03515625 0.0421875
20 0.47265625 0.62109375 0.0359375 0.03984375
20 0.42578125 0.62109375 0.0359375 0.04296875
20 0.5625 0.62265625 0.0375 0.03984375
20 0.3765625 0.62109375 0.03984375 0.040625
20 0.3296875 0.6234375 0.03359375 0.040625
20 0.68515625 0.64453125 0.03828125 0.0328125
20 0.72109375 0.6453125 0.03984375 0.0296875
20 0.6046875 0.64453125 0.0328125 0.03125
20 0.64453125 0.6453125 0.03828125 0.03359375
20 0.76171875 0.6453125 0.03359375 0.0328125
20 0.80390625 0.6453125 0.0375 0.0328125
20 0.21640625 0.67421875 0.053125 0.0734375
20 0.271875 0.67578125 0.05859375 0.078125
20 0.1578125 0.67578125 0.05390625 0.0765625
20 0.0984375 0.6765625 0.05625 0.078125
20 0.9015625 0.68125 0.0421875 0.05390625
20 0.85703125 0.6828125 0.040625 0.05390625
20 0.33046875 0.6828125 0.05078125 0.06015625
20 0.37734375 0.6828125 0.0421875 0.05625
20 0.42421875 0.6828125 0.0421875 0.05390625
20 0.5203125 0.68359375 0.0453125 0.053125
20 0.56875 0.68359375 0.03984375 0.05546875
20 0.46875 0.68359375 0.0484375 0.05390625
20 0.73046875 0.68984375 0.0359375 0.03125
20 0.68984375 0.68984375 0.03984375 0.0296875
20 0.6109375 0.69140625 0.03828125 0.0328125
20 0.771875 0.68984375 0.03984375 0.0328125
20 0.8125 0.69140625 0.040625 0.03515625
20 0.6515625 0.6921875 0.03828125 0.0328125
20 0.8765625 0.78515625 0.06484375 0.07421875
20 0.50234375 0.7875 0.06640625 0.06875
20 0.72734375 0.78828125 0.06953125 0.08046875
20 0.64921875 0.78828125 0.0734375 0.08046875
20 0.80078125 0.78828125 0.06875 0.07578125
20 0.42890625 0.78984375 0.07109375 0.06953125
20 0.571875 0.790625 0.06640625 0.07578125
20 0.3546875 0.7921875 0.06875 0.06875
20 0.2765625 0.7921875 0.06953125 0.0765625
20 0.1359375 0.7984375 0.06015625 0.0671875
20 0.0765625 0.7984375 0.04921875 0.0625
20 0.203125 0.80078125 0.0640625 0.06875
20 0.47109375 0.9375 0.06953125 0.08046875
20 0.17421875 0.9359375 0.07421875 0.0921875
20 0.09765625 0.9375 0.07421875 0.0921875
20 0.2484375 0.93984375 0.07109375 0.0890625
20 0.396875 0.94140625 0.071875 0.08515625
20 0.32109375 0.93984375 0.071875 0.0875