20 0.64765625 0.35546875 0.0515625 0.0375
20 0.70078125 0.35546875 0.05078125 0.03984375
20 0.7515625 0.35546875 0.0484375 0.0375
20 0.9125 0.35703125 0.04296875 0.03515625
20 0.859375 0.35703125 0.04296875 0.0375
20 0.8078125 0.3578125 0.0421875 0.03515625
20 0.9671875 0.359375 0.0484375 0.0375
20 0.29296875 0.3796875 0.07421875 0.06875
20 0.37265625 0.3796875 0.0796875 0.06875
20 0.2140625 0.38125 0.08515625 0.06875
20 0.0515625 0.38125 0.0765625 0.07109375
20 0.13125 0.38125 0.078125 0.06875
20 0.45078125 0.38828125 0.06953125 0.053125
20 0.5875 0.38828125 0.0640625 0.053125
20 0.51796875 0.38828125 0.0640625 0.05546875
20 0.64765625 0.3953125 0.0515625 0.03984375
20 0.7046875 0.396875 0.05390625 0.0375
20 0.81484375 0.396875 0.046875 0.03515625
20 0.86796875 0.396875 0.04296875 0.03828125
20 0.75703125 0.396875 0.05390625 0.03515625
20 0.92578125 0.396875 0.046875 0.0375
20 0.97578125 0.39765625 0.03828125 0.03515625
20 0.2203125 0.49296875 0.078125 0.05546875
20 0.0453125 0.49375 0.08203125 0.05546875
20 0.134375 0.49375 0.0765625 0.05546875
20 0.30546875 0.49375 0.08203125 0.05625
20 0.396875 0.4953125 0.08203125 0.05859375
20 0.55859375 0.5 0.0796875 0.046875
20 0.475 0.5015625 0.0796875 0.04921875
20 0.790625 0.50390625 0.0640625 0.04296875
20 0.8609375 0.50390625 0.05859375 0.04296875
20 0.6390625 0.50390625 0.0640625 0.040625
20 0.7171875 0.50625 0.0671875 0.03984375
20 0.88359375 0.696875 0.0765625 0.053125
20 0.80078125 0.70078125 0.07109375 0.0515625
20 0.63828125 0.70078125 0.07421875 0.05390625
20 0.7203125 0.7015625 0.0765625 0.05078125
20 0.3921875 0.703125 0.07421875 0.05546875
20 0.228125 0.703125 0.07421875 0.05625
20 0.06953125 0.703125 0.06953125 0.0578125
20 0.3109375 0.703125 0.0734375 0.05625
20 0.55546875 0.7046875 0.0796875 0.053125
20 0.47265625 0.7046875 0.08203125 0.05546875
20 0.14921875 0.70546875 0.0734375 0.05859375
20 0.8734375 0.76796875 0.07421875 0.046875
20 0.96875 0.76796875 0.0625 0.05546875
20 0.78984375 0.76953125 0.0734375 0.0484375
20 0.7140625 0.7703125 0.07421875 0.04921875
20 0.6359375 0.7703125 0.07109375 0.046875
20 0.4796875 0.771875 0.0796875 0.053125
20 0.5578125 0.771875 0.07109375 0.05078125
20 0.4015625 0.77265625 0.0734375 0.0515625
20 0.3234375 0.77265625 0.07109375 0.05078125
20 0.2453125 0.77265625 0.07109375 0.053125
20 0.1671875 0.77421875 0.07421875 0.05078125
20 0.0875 0.7765625 0.06953125 0.0515625