20 0.2515625 0.73203125 0.02265625 0.04453125
20 0.27734375 0.73203125 0.02265625 0.0421875
20 0.3015625 0.734375 0.02265625 0.0421875
20 0.38671875 0.7328125 0.025 0.04296875
20 0.3296875 0.734375 0.02890625 0.040625
20 0.3578125 0.734375 0.02421875 0.040625
20 0.415625 0.734375 0.0265625 0.0421875
20 0.25859375 0.83046875 0.02265625 0.02265625
20 0.2828125 0.8328125 0.01796875 0.021875
20 0.51171875 0.85078125 0.04296875 0.053125
20 0.41953125 0.853125 0.03984375 0.05078125
20 0.37734375 0.853125 0.03984375 0.04921875
20 0.46640625 0.8546875 0.0453125 0.0484375
20 0.25625 0.86796875 0.02265625 0.02421875
20 0.28359375 0.86875 0.02421875 0.021875
20 0.24375 0.2484375 0.0515625 0.0890625
20 0.66796875 0.25234375 0.04921875 0.0796875
20 0.35 0.2515625 0.05078125 0.084375
20 0.72109375 0.2515625 0.05078125 0.0828125
20 0.76953125 0.2515625 0.04453125 0.0828125
20 0.615625 0.25234375 0.0515625 0.08046875
20 0.5609375 0.25234375 0.0453125 0.07421875
20 0.2984375 0.25390625 0.05078125 0.08203125
20 0.45546875 0.2546875 0.05078125 0.07578125
20 0.5109375 0.2546875 0.04921875 0.071875
20 0.40234375 0.2546875 0.04921875 0.078125
20 0.321875 0.375 0.040625 0.084375
20 0.36796875 0.3765625 0.0421875 0.08515625
20 0.6765625 0.38203125 0.0359375 0.06484375
20 0.5640625 0.38203125 0.0359375 0.06640625
20 0.7515625 0.38203125 0.0359375 0.0640625
20 0.63828125 0.38203125 0.0359375 0.0640625
20 0.7140625 0.38203125 0.0328125 0.0625
20 0.6 0.38203125 0.03359375 0.0671875
20 0.525 0.38359375 0.0359375 0.06640625
20 0.4109375 0.384375 0.03359375 0.0640625
20 0.48671875 0.38359375 0.0359375 0.06484375
20 0.4484375 0.384375 0.03515625 0.0640625
20 0.40390625 0.4890625 0.0328125 0.0796875
20 0.43984375 0.4890625 0.0359375 0.078125
20 0.3265625 0.490625 0.0359375 0.08203125
20 0.28984375 0.490625 0.03359375 0.08046875
20 0.25234375 0.49140625 0.0359375 0.0796875
20 0.6828125 0.4953125 0.0265625 0.06640625
20 0.365625 0.4953125 0.03515625 0.07109375
20 0.59375 0.4953125 0.02734375 0.06484375
20 0.65390625 0.4953125 0.02890625 0.0671875
20 0.62265625 0.4953125 0.02734375 0.06875
20 0.475 0.4953125 0.025 0.06640625
20 0.53515625 0.4953125 0.02734375 0.06640625
20 0.5046875 0.49609375 0.02734375 0.0671875
20 0.5640625 0.49609375 0.025 0.06484375
20 0.453125 0.60234375 0.04453125 0.0578125
20 0.4078125 0.603125 0.04453125 0.0578125