20 0.50859375 0.23828125 0.0515625 0.07578125
20 0.56640625 0.240625 0.0484375 0.07421875
20 0.68359375 0.2390625 0.05859375 0.0875
20 0.6203125 0.24140625 0.0484375 0.07421875
20 0.75390625 0.24296875 0.05859375 0.08671875
20 0.4046875 0.24296875 0.03984375 0.05390625
20 0.4546875 0.24609375 0.04296875 0.0515625
20 0.81953125 0.24765625 0.05546875 0.08671875
20 0.884375 0.2515625 0.05390625 0.084375
20 0.94921875 0.2546875 0.05859375 0.08203125
20 0.09765625 0.34140625 0.0828125 0.084375
20 0.1890625 0.34140625 0.084375 0.084375
20 0.28125 0.3453125 0.0828125 0.08515625
20 0.37109375 0.34765625 0.084375 0.08515625
20 0.46640625 0.3640625 0.08046875 0.0578125
20 0.8640625 0.365625 0.0640625 0.0828125
20 0.9375 0.36796875 0.06640625 0.08203125
20 0.5421875 0.3703125 0.05078125 0.053125
20 0.6859375 0.37109375 0.08515625 0.05859375
20 0.60234375 0.37109375 0.0515625 0.05390625
20 0.75234375 0.37890625 0.03984375 0.04921875
20 0.803125 0.3796875 0.0453125 0.05078125