20 0.46875 0.63203125 0.0296875 0.0453125
20 0.42890625 0.634375 0.03125 0.04921875
20 0.06015625 0.3640625 0.115625 0.1109375
20 0.16484375 0.37109375 0.10703125 0.103125
20 0.27734375 0.384375 0.09140625 0.0796875
20 0.4171875 0.3921875 0.05078125 0.0625
20 0.36171875 0.390625 0.05078125 0.06484375
20 0.584375 0.390625 0.040625 0.0625
20 0.47578125 0.39296875 0.04296875 0.07109375
20 0.52890625 0.39296875 0.04453125 0.0640625
20 0.9265625 0.39453125 0.06640625 0.06875
20 0.853125 0.3953125 0.0640625 0.06875
20 0.79453125 0.4078125 0.040625 0.0359375
20 0.5140625 0.5046875 0.053125 0.07578125
20 0.321875 0.50625 0.0625 0.08203125
20 0.38828125 0.5046875 0.0609375 0.084375
20 0.453125 0.50703125 0.05546875 0.07421875
20 0.2546875 0.50703125 0.06640625 0.08203125
20 0.7171875 0.60703125 0.05546875 0.0734375
20 0.65859375 0.61640625 0.0484375 0.0609375
20 0.5625 0.61875 0.03359375 0.06875
20 0.51328125 0.62109375 0.0359375 0.06875
20 0.60703125 0.62109375 0.04453125 0.06015625