20 0.7203125 0.1578125 0.05546875 0.0875
20 0.62734375 0.2796875 0.0453125 0.08515625
20 0.678125 0.28125 0.04296875 0.08671875
20 0.57421875 0.28125 0.04453125 0.08671875
20 0.5203125 0.28359375 0.0484375 0.0875
20 0.87109375 0.2953125 0.02890625 0.05078125
20 0.83515625 0.2953125 0.03125 0.05078125
20 0.7984375 0.2953125 0.02734375 0.04921875
20 0.7234375 0.2984375 0.03125 0.04921875
20 0.76171875 0.2984375 0.03125 0.05078125
20 0.24609375 0.50703125 0.0640625 0.06640625
20 0.3890625 0.509375 0.0609375 0.06953125
20 0.7671875 0.509375 0.040625 0.06015625
20 0.8171875 0.509375 0.0375 0.06015625
20 0.71640625 0.5109375 0.0421875 0.0640625
20 0.61875 0.5109375 0.04453125 0.06015625
20 0.18046875 0.5109375 0.06484375 0.0640625
20 0.571875 0.5109375 0.040625 0.06015625
20 0.1109375 0.5109375 0.0640625 0.06640625
20 0.6671875 0.5109375 0.04453125 0.0625
20 0.31953125 0.51171875 0.0625 0.06015625
20 0.453125 0.5171875 0.05390625 0.0484375
20 0.51796875 0.5171875 0.053125 0.0484375