20 0.7546875 0.36875 0.03515625 0.05546875
20 0.7171875 0.3703125 0.03515625 0.0578125
20 0.79296875 0.37265625 0.0359375 0.04921875
20 0.678125 0.3734375 0.03359375 0.053125
20 0.59765625 0.3734375 0.03515625 0.05078125
20 0.63671875 0.3734375 0.0359375 0.05078125
20 0.5609375 0.3734375 0.0328125 0.0515625
20 0.5265625 0.3734375 0.03359375 0.0578125
20 0.828125 0.50234375 0.0484375 0.103125
20 0.725 0.50390625 0.04921875 0.10234375
20 0.7765625 0.5046875 0.05078125 0.10078125
20 0.67421875 0.50625 0.04921875 0.10234375
20 0.6234375 0.50859375 0.04921875 0.1046875
20 0.55625 0.52734375 0.02421875 0.05859375
20 0.584375 0.52734375 0.025 0.0640625
20 0.5015625 0.52734375 0.02421875 0.0640625
20 0.4734375 0.52890625 0.0265625 0.0640625
20 0.52890625 0.52890625 0.02421875 0.06484375
20 0.415625 0.5296875 0.02421875 0.0609375
20 0.44453125 0.53125 0.02421875 0.06484375
20 0.765625 0.671875 0.04921875 0.103125
20 0.81875 0.671875 0.04921875 0.1046875
20 0.66328125 0.671875 0.04921875 0.11328125
20 0.71171875 0.671875 0.0484375 0.109375
20 0.6109375 0.6734375 0.04453125 0.10234375
20 0.55625 0.67578125 0.05078125 0.10546875