20 0.7234375 0.2921875 0.08203125 0.09140625
20 0.20078125 0.29296875 0.05859375 0.0796875
20 0.26328125 0.29296875 0.05625 0.08203125
20 0.640625 0.3015625 0.0765625 0.0765625
20 0.80625 0.303125 0.06953125 0.08046875
20 0.8859375 0.30390625 0.07421875 0.0765625
20 0.321875 0.30546875 0.0484375 0.05625
20 0.37109375 0.30625 0.04453125 0.05625
20 0.4671875 0.3078125 0.04453125 0.05859375
20 0.571875 0.3078125 0.05078125 0.06015625
20 0.51953125 0.3078125 0.05078125 0.06015625
20 0.41796875 0.3171875 0.03984375 0.0328125