20 0.68515625 0.8484375 0.08515625 0.09140625
20 0.78359375 0.85 0.0953125 0.0921875
20 0.88828125 0.8484375 0.0921875 0.0921875
20 0.58984375 0.8484375 0.08515625 0.0875
20 0.109375 0.853125 0.0734375 0.0671875
20 0.18359375 0.8546875 0.07109375 0.06953125
20 0.2609375 0.85546875 0.08046875 0.071875
20 0.33515625 0.85703125 0.0625 0.06875
20 0.415625 0.8578125 0.07421875 0.06953125
20 0.4984375 0.85703125 0.06953125 0.07109375
20 0.3734375 0.63203125 0.03984375 0.0296875
20 0.421875 0.63203125 0.03828125 0.0328125
20 0.91015625 0.63203125 0.07578125 0.084375
20 0.475 0.63359375 0.03828125 0.03515625
20 0.3265625 0.634375 0.0484375 0.03125
20 0.7640625 0.65 0.06484375 0.0796875
20 0.83515625 0.64921875 0.06640625 0.07421875
20 0.69609375 0.65859375 0.05390625 0.05625
20 0.63203125 0.65859375 0.0484375 0.05859375
20 0.5140625 0.66015625 0.04921875 0.0609375
20 0.57421875 0.65859375 0.04453125 0.05859375
20 0.31015625 0.6703125 0.040625 0.0296875
20 0.359375 0.671875 0.0421875 0.0265625
20 0.41015625 0.6734375 0.046875 0.025
20 0.46015625 0.67578125 0.0421875 0.025