20 0.35078125 0.546875 0.06953125 0.0953125
20 0.2140625 0.546875 0.06484375 0.09765625
20 0.28125 0.5484375 0.06953125 0.0984375
20 0.4125 0.56640625 0.0484375 0.05546875
20 0.50703125 0.5671875 0.04921875 0.05625
20 0.3640625 0.7078125 0.07578125 0.0921875
20 0.44609375 0.7078125 0.0734375 0.09765625
20 0.28828125 0.709375 0.0765625 0.0984375
20 0.5265625 0.71015625 0.07421875 0.09765625
20 0.6046875 0.71484375 0.0734375 0.09375
20 0.68125 0.7296875 0.0734375 0.06875
20 0.7546875 0.7296875 0.06484375 0.0625
20 0.834375 0.73203125 0.0734375 0.0609375