20 0.6140625 0.31015625 0.08984375 0.071875
20 0.8109375 0.3109375 0.09765625 0.07109375
20 0.71171875 0.3125 0.09375 0.06953125
20 0.90625 0.3125 0.0921875 0.06875
20 0.9265625 0.3953125 0.07109375 0.03515625
20 0.84765625 0.3953125 0.07109375 0.03828125
20 0.7703125 0.39765625 0.0765625 0.03828125
20 0.61640625 0.39765625 0.0640625 0.0359375
20 0.6921875 0.39921875 0.0734375 0.03515625
20 0.4375 0.39921875 0.03984375 0.021875
20 0.3921875 0.39921875 0.03984375 0.021875
20 0.5453125 0.39921875 0.05859375 0.0359375
20 0.3453125 0.4 0.0421875 0.021875
20 0.4859375 0.4 0.03984375 0.021875
20 0.3859375 0.42421875 0.0484375 0.02734375
20 0.33671875 0.42421875 0.04296875 0.02734375
20 0.43359375 0.42578125 0.05546875 0.02734375
20 0.484375 0.4265625 0.03984375 0.021875
20 0.54296875 0.4390625 0.06640625 0.0453125
20 0.9234375 0.43984375 0.0734375 0.0484375
20 0.8453125 0.44140625 0.0671875 0.0484375
20 0.61640625 0.44140625 0.0671875 0.0453125
20 0.77421875 0.4421875 0.0734375 0.046875
20 0.69375 0.4421875 0.0734375 0.0453125
20 0.1671875 0.44453125 0.0578125 0.040625
20 0.22578125 0.44453125 0.0578125 0.04296875
20 0.28359375 0.44609375 0.0515625 0.0421875
20 0.1109375 0.44609375 0.05546875 0.040625
20 0.38828125 0.453125 0.0421875 0.025
20 0.4390625 0.453125 0.0421875 0.02421875
20 0.3390625 0.453125 0.04296875 0.025
20 0.4859375 0.4546875 0.03828125 0.02421875