20 0.6984375 0.88671875 0.05390625 0.03359375
20 0.578125 0.88828125 0.046875 0.0375
20 0.63828125 0.88828125 0.05078125 0.03359375
20 0.05390625 0.90859375 0.071875 0.071875
20 0.134375 0.91015625 0.078125 0.071875
20 0.47578125 0.9109375 0.08046875 0.07578125
20 0.2203125 0.9109375 0.078125 0.071875
20 0.30078125 0.91328125 0.07421875 0.06953125
20 0.384375 0.91328125 0.07578125 0.07109375
20 0.546875 0.9328125 0.0484375 0.0375
20 0.59765625 0.9328125 0.0453125 0.0359375
20 0.71875 0.93359375 0.05625 0.03515625
20 0.6546875 0.93359375 0.0515625 0.0375
20 0.490625 0.68984375 0.08671875 0.10078125
20 0.59375 0.69140625 0.0953125 0.0828125
20 0.8171875 0.69609375 0.10546875 0.0921875
20 0.928125 0.69609375 0.103125 0.0875
20 0.70546875 0.69609375 0.1078125 0.0875
20 0.41015625 0.69921875 0.07421875 0.07421875
20 0.334375 0.70078125 0.06875 0.0765625
20 0.25703125 0.709375 0.06640625 0.05546875
20 0.18984375 0.71171875 0.05546875 0.05859375
20 0.0671875 0.71171875 0.0609375 0.06015625
20 0.1296875 0.71171875 0.05546875 0.05859375