20 0.48046875 0.2546875 0.0796875 0.05546875
20 0.23828125 0.2640625 0.0765625 0.05546875
20 0.1546875 0.265625 0.0796875 0.05625
20 0.56015625 0.32109375 0.0765625 0.0953125
20 0.47578125 0.32421875 0.08203125 0.08203125
20 0.62265625 0.32421875 0.03359375 0.08984375
20 0.321875 0.32578125 0.06875 0.06953125
20 0.1421875 0.32578125 0.07578125 0.06640625
20 0.23046875 0.32578125 0.07421875 0.06640625
20 0.6625 0.32578125 0.0375 0.0875
20 0.703125 0.32578125 0.03515625 0.08984375
20 0.390625 0.3265625 0.06484375 0.06875
20 0.74375 0.3265625 0.0375 0.08984375
20 0.78515625 0.328125 0.03515625 0.08984375
20 0.82421875 0.3296875 0.0359375 0.0890625
20 0.865625 0.33046875 0.0375 0.0890625
20 0.90625 0.33046875 0.0359375 0.0890625
20 0.40859375 0.4359375 0.03515625 0.0578125
20 0.36796875 0.44140625 0.03515625 0.0453125
20 0.56015625 0.484375 0.053125 0.0984375
20 0.109375 0.4859375 0.05859375 0.0796875
20 0.62109375 0.4859375 0.053125 0.09765625
20 0.17421875 0.4859375 0.05546875 0.08046875
20 0.23828125 0.48828125 0.05859375 0.0796875
20 0.68125 0.48828125 0.05078125 0.09765625
20 0.31015625 0.4890625 0.05859375 0.078125
20 0.7453125 0.4890625 0.05546875 0.1
20 0.5015625 0.490625 0.04296875 0.0828125
20 0.81015625 0.490625 0.053125 0.1
20 0.86875 0.49296875 0.05078125 0.1
20 0.3640625 0.5 0.0359375 0.05859375
20 0.4046875 0.5015625 0.03515625 0.05859375