20 0.321875 0.06640625 0.08671875 0.09609375
20 0.6921875 0.06953125 0.0640625 0.08984375
20 0.61640625 0.06953125 0.06640625 0.0875
20 0.42421875 0.07421875 0.0890625 0.0796875
20 0.52890625 0.07578125 0.09140625 0.07421875
20 0.76171875 0.0765625 0.046875 0.0609375
20 0.8234375 0.0765625 0.05078125 0.05859375
20 0.9375 0.08984375 0.0515625 0.0359375
20 0.88125 0.08984375 0.0484375 0.0375
20 0.3578125 0.27421875 0.0609375 0.1046875
20 0.43125 0.275 0.0640625 0.10546875
20 0.5578125 0.28125 0.05078125 0.08515625
20 0.5 0.2828125 0.046875 0.0890625
20 0.775 0.28515625 0.06015625 0.08203125
20 0.66328125 0.29296875 0.040625 0.05859375
20 0.7125 0.29296875 0.040625 0.05859375
20 0.6109375 0.29296875 0.0421875 0.06015625
20 0.84140625 0.29296875 0.053125 0.0578125
20 0.9015625 0.29296875 0.0515625 0.06015625
20 0.4890625 0.41796875 0.08984375 0.09140625
20 0.58671875 0.41796875 0.0875 0.09375
20 0.77265625 0.43046875 0.08671875 0.0671875
20 0.68359375 0.4328125 0.08671875 0.06640625