20 0.696875 0.39765625 0.03515625 0.05625
20 0.6578125 0.39765625 0.03515625 0.05546875
20 0.58046875 0.39765625 0.03359375 0.05546875
20 0.54296875 0.39921875 0.0328125 0.05390625
20 0.50703125 0.39921875 0.03125 0.05078125
20 0.61875 0.39921875 0.03515625 0.05390625
20 0.734375 0.39921875 0.03515625 0.0515625
20 0.66484375 0.5484375 0.0265625 0.0640625
20 0.6390625 0.5484375 0.025 0.06015625
20 0.80390625 0.5484375 0.0265625 0.0625
20 0.6921875 0.546875 0.0265625 0.0609375
20 0.74765625 0.546875 0.025 0.0609375
20 0.775 0.5484375 0.0265625 0.0625
20 0.7203125 0.546875 0.025 0.0609375
20 0.66953125 0.69609375 0.046875 0.10078125
20 0.7171875 0.696875 0.046875 0.1046875
20 0.76796875 0.6984375 0.0484375 0.10703125
20 0.81953125 0.7015625 0.0484375 0.1
20 0.87109375 0.703125 0.0484375 0.1
20 0.51796875 0.8921875 0.0453125 0.109375
20 0.47109375 0.890625 0.046875 0.1109375
20 0.56484375 0.8890625 0.0453125 0.11171875
20 0.61328125 0.89296875 0.04453125 0.10546875
20 0.6625 0.89296875 0.0484375 0.1109375