20 0.43359375 0.2859375 0.03515625 0.05078125
20 0.75 0.4703125 0.0375 0.0265625
20 0.41015625 0.48828125 0.06484375 0.04921875
20 0.4796875 0.490625 0.071875 0.04296875
20 0.75 0.5 0.040625 0.02421875
20 0.56015625 0.56015625 0.07578125 0.0609375
20 0.728125 0.5609375 0.04921875 0.053125
20 0.6203125 0.5625 0.04453125 0.0578125
20 0.6734375 0.5625 0.04921875 0.05625
20 0.30546875 0.56484375 0.046875 0.0578125
20 0.2359375 0.56640625 0.07578125 0.0609375
20 0.3546875 0.56953125 0.0375 0.0421875
20 0.49296875 0.56953125 0.03828125 0.0421875
20 0.4046875 0.56953125 0.040625 0.04296875
20 0.45078125 0.56953125 0.0375 0.0421875
20 0.12890625 0.571875 0.040625 0.04296875
20 0.17421875 0.571875 0.040625 0.0453125
20 0.75234375 0.646875 0.046875 0.06875