20 0.0875 0.3171875 0.078125 0.09609375
20 0.18046875 0.31875 0.08046875 0.0921875
20 0.259375 0.3296875 0.05859375 0.071875
20 0.3328125 0.3328125 0.0609375 0.0734375
20 0.72109375 0.33515625 0.09140625 0.078125
20 0.6265625 0.33671875 0.08203125 0.071875
20 0.53359375 0.33515625 0.08984375 0.06953125
20 0.82109375 0.34140625 0.0921875 0.078125
20 0.39921875 0.3421875 0.05078125 0.0515625
20 0.9015625 0.35078125 0.071875 0.0640625
20 0.4546875 0.3546875 0.04453125 0.03125
20 0.071875 0.49375 0.084375 0.08203125
20 0.165625 0.49609375 0.08203125 0.07421875
20 0.25703125 0.49609375 0.0796875 0.0765625
20 0.353125 0.5 0.08203125 0.07578125
20 0.44453125 0.50390625 0.09140625 0.06953125
20 0.546875 0.50703125 0.08671875 0.0671875
20 0.640625 0.5109375 0.08046875 0.06640625
20 0.74609375 0.515625 0.07421875 0.05859375
20 0.83984375 0.51953125 0.0796875 0.05546875