20 0.45078125 0.29453125 0.07578125 0.07421875
20 0.5203125 0.29453125 0.06875 0.07421875
20 0.890625 0.2984375 0.084375 0.0765625
20 0.321875 0.3015625 0.06015625 0.05546875
20 0.38359375 0.3015625 0.0625 0.05625
20 0.96484375 0.30625 0.06484375 0.0578125
20 0.2671875 0.3140625 0.05078125 0.03359375
20 0.6875 0.384375 0.0515625 0.0484375
20 0.58203125 0.384375 0.05390625 0.05078125
20 0.5265625 0.3859375 0.05078125 0.053125
20 0.63359375 0.3859375 0.0515625 0.05078125
20 0.271875 0.421875 0.08984375 0.084375
20 0.36328125 0.4265625 0.08203125 0.07578125
20 0.44921875 0.42890625 0.084375 0.07109375
20 0.52421875 0.4375 0.0484375 0.05078125
20 0.63125 0.4375 0.0484375 0.05078125
20 0.6875 0.4390625 0.05390625 0.0515625
20 0.5796875 0.4390625 0.0484375 0.05078125