20 0.1875 0.890625 0.05390625 0.046875
20 0.38671875 0.89296875 0.06015625 0.0421875
20 0.321875 0.89296875 0.05546875 0.0421875
20 0.25703125 0.89296875 0.06015625 0.03828125
20 0.3125 0.28828125 0.05859375 0.11171875
20 0.37109375 0.296875 0.04453125 0.0921875
20 0.46484375 0.31015625 0.04296875 0.06640625
20 0.4203125 0.3109375 0.03828125 0.0640625
20 0.7359375 0.47578125 0.04296875 0.05859375
20 0.33203125 0.4796875 0.0453125 0.05859375
20 0.23671875 0.48203125 0.0453125 0.05625
20 0.18984375 0.48203125 0.0453125 0.05625
20 0.2828125 0.48046875 0.04296875 0.05625
20 0.14453125 0.49296875 0.04296875 0.03515625
20 0.4 0.615625 0.06953125 0.08046875
20 0.31875 0.61640625 0.071875 0.078125
20 0.259375 0.63359375 0.0421875 0.05078125
20 0.1671875 0.63359375 0.04296875 0.0484375
20 0.2125 0.63359375 0.04296875 0.05078125
20 0.30859375 0.759375 0.0515625 0.06484375
20 0.25 0.76328125 0.0578125 0.05625
20 0.1890625 0.7671875 0.05859375 0.05546875