20 0.5671875 0.08515625 0.11328125 0.14296875
20 0.61640625 0.93359375 0.03828125 0.1078125
20 0.66328125 0.93515625 0.03984375 0.1046875
20 0.7125 0.9375 0.04296875 0.109375
20 0.76171875 0.9375 0.03984375 0.1046875
20 0.865625 0.10078125 0.0765625 0.12265625
20 0.9515625 0.10078125 0.08203125 0.125
20 0.6703125 0.1109375 0.08671875 0.103125
20 0.7671875 0.11640625 0.08984375 0.0953125
20 0.59140625 0.28359375 0.08203125 0.1546875
20 0.6765625 0.28828125 0.0875 0.1546875
20 0.75390625 0.30390625 0.0578125 0.13125
20 0.8890625 0.31015625 0.08203125 0.11875
20 0.81640625 0.321875 0.05546875 0.0921875
20 0.63828125 0.49609375 0.1109375 0.1234375
20 0.7484375 0.49765625 0.109375 0.1234375