20 0.06015625 0.3140625 0.0484375 0.2046875
20 0.109375 0.31484375 0.0453125 0.2046875
20 0.16015625 0.31875 0.04296875 0.203125
20 0.43984375 0.32578125 0.0609375 0.203125
20 0.5015625 0.34375 0.05546875 0.18046875
20 0.6140625 0.34375 0.053125 0.1765625
20 0.5578125 0.3453125 0.05078125 0.1765625
20 0.20703125 0.35 0.0375 0.14765625
20 0.66328125 0.37265625 0.0375 0.1359375
20 0.8328125 0.375 0.05625 0.13828125
20 0.70078125 0.39453125 0.03515625 0.08515625
20 0.7390625 0.396875 0.0359375 0.08671875
20 0.77890625 0.4015625 0.0359375 0.0828125
20 0.09140625 0.5609375 0.0765625 0.1625
20 0.16796875 0.5625 0.0765625 0.165625
20 0.24375 0.5640625 0.0734375 0.1609375
20 0.31953125 0.5671875 0.06953125 0.1609375
20 0.390625 0.5671875 0.06875 0.15625
20 0.45546875 0.571875 0.05078125 0.1609375
20 0.50859375 0.571875 0.05078125 0.1625
20 0.6515625 0.58671875 0.05625 0.125
20 0.7203125 0.58671875 0.06015625 0.1234375
20 0.59765625 0.5953125 0.03828125 0.1203125
20 0.55546875 0.59609375 0.0375 0.11640625