20 0.3484375 0.1109375 0.06875 0.109375
20 0.08203125 0.1109375 0.06875 0.1109375
20 0.1703125 0.1109375 0.06875 0.1078125
20 0.259375 0.1109375 0.06875 0.1078125
20 0.44140625 0.1109375 0.06640625 0.11171875
20 0.5328125 0.11171875 0.06953125 0.1078125
20 0.92421875 0.13359375 0.046875 0.0671875
20 0.8640625 0.134375 0.046875 0.0640625
20 0.06484375 0.27890625 0.06875 0.1140625
20 0.14765625 0.2796875 0.071875 0.1078125
20 0.2359375 0.2796875 0.06875 0.1078125
20 0.4078125 0.2796875 0.06953125 0.1078125
20 0.31953125 0.2796875 0.06953125 0.10546875
20 0.49296875 0.2796875 0.07109375 0.103125
20 0.66328125 0.28125 0.06875 0.1078125
20 0.57421875 0.28125 0.06953125 0.10546875
20 0.875 0.28984375 0.05390625 0.0875
20 0.7390625 0.290625 0.05390625 0.0890625
20 0.80625 0.290625 0.05625 0.08984375
20 0.5359375 0.40390625 0.05390625 0.0375
20 0.5953125 0.40625 0.0515625 0.03359375
20 0.11171875 0.41328125 0.084375 0.0953125
20 0.2078125 0.41328125 0.0890625 0.09375
20 0.30078125 0.41484375 0.08203125 0.09140625
20 0.79296875 0.41484375 0.10078125 0.0921875
20 0.9015625 0.4171875 0.10703125 0.08984375
20 0.38828125 0.42421875 0.0734375 0.0765625
20 0.6765625 0.4203125 0.103125 0.084375
20 0.4671875 0.42421875 0.07109375 0.0765625
20 0.53515625 0.44375 0.05390625 0.0375
20 0.5953125 0.44453125 0.053125 0.03515625
20 0.31015625 0.56015625 0.09765625 0.08671875
20 0.7953125 0.5625 0.0421875 0.0765625
20 0.84609375 0.5640625 0.0421875 0.0765625
20 0.896875 0.5640625 0.0453125 0.078125
20 0.74609375 0.5640625 0.040625 0.0765625
20 0.68515625 0.56953125 0.07109375 0.071875
20 0.60234375 0.56953125 0.07421875 0.0734375
20 0.4078125 0.56640625 0.0921875 0.06953125
20 0.5 0.5734375 0.084375 0.06015625
20 0.21484375 0.5765625 0.084375 0.05546875
20 0.109375 0.57578125 0.0953125 0.05625
20 0.93359375 0.0609375 0.05078125 0.06875
20 0.87265625 0.0625 0.0484375 0.06953125