20 0.7859375 0.1 0.0296875 0.06875
20 0.75 0.10078125 0.0296875 0.06953125
20 0.71171875 0.10078125 0.0296875 0.06953125
20 0.678125 0.10234375 0.02734375 0.06953125
20 0.66953125 0.26328125 0.05078125 0.0734375
20 0.61796875 0.259375 0.04453125 0.0609375
20 0.56484375 0.2609375 0.0453125 0.0609375
20 0.9390625 0.3734375 0.06640625 0.06640625
20 0.86875 0.37109375 0.06484375 0.06484375
20 0.7984375 0.3734375 0.06484375 0.06640625
20 0.72734375 0.375 0.0625 0.0640625
20 0.28515625 0.37890625 0.05546875 0.04921875
20 0.35546875 0.38125 0.0609375 0.05625
20 0.42421875 0.38125 0.0609375 0.05625
20 0.22265625 0.38359375 0.0578125 0.06015625
20 0.5375 0.384375 0.0453125 0.04921875
20 0.1625 0.3859375 0.05859375 0.05859375
20 0.484375 0.3859375 0.0484375 0.04921875
20 0.66015625 0.3859375 0.05859375 0.04453125
20 0.5953125 0.38671875 0.0578125 0.0453125
20 0.84765625 0.615625 0.05390625 0.046875
20 0.6703125 0.61875 0.03515625 0.04296875
20 0.91953125 0.61640625 0.05859375 0.0484375
20 0.75625 0.61796875 0.03125 0.0453125
20 0.63125 0.61796875 0.0328125 0.04296875
20 0.71015625 0.61875 0.03125 0.0421875
20 0.7953125 0.61875 0.03515625 0.0421875
20 0.6703125 0.6890625 0.0265625 0.0359375
20 0.70703125 0.6890625 0.0265625 0.03515625
20 0.7453125 0.6890625 0.0296875 0.0359375
20 0.78515625 0.68984375 0.0265625 0.03359375
20 0.88671875 0.7203125 0.0296875 0.021875
20 0.82421875 0.7203125 0.025 0.02265625
20 0.85546875 0.72109375 0.02890625 0.02421875
20 0.92578125 0.72265625 0.03515625 0.0203125
20 0.6765625 0.7484375 0.03125 0.03984375
20 0.7171875 0.7484375 0.03359375 0.0421875
20 0.75703125 0.7515625 0.0328125 0.040625
20 0.7984375 0.7515625 0.03125 0.03828125
20 0.90390625 0.75859375 0.0328125 0.02265625
20 0.83671875 0.759375 0.03125 0.02265625
20 0.86875 0.759375 0.02734375 0.021875
20 0.9390625 0.7609375 0.03125 0.021875