20 0.28828125 0.17421875 0.05390625 0.05859375
20 0.375 0.28359375 0.06015625 0.07578125
20 0.5109375 0.28515625 0.05859375 0.07421875
20 0.44453125 0.2875 0.0609375 0.0734375
20 0.57421875 0.2875 0.05859375 0.07578125
20 0.2703125 0.2875 0.046875 0.0671875
20 0.31953125 0.28828125 0.04296875 0.06875
20 0.1578125 0.2921875 0.02890625 0.053125
20 0.1203125 0.29296875 0.03359375 0.053125
20 0.1921875 0.29296875 0.02890625 0.053125
20 0.228125 0.29453125 0.03125 0.053125
20 0.3890625 0.36640625 0.03515625 0.040625
20 0.42578125 0.36796875 0.03125 0.040625
20 0.25234375 0.38671875 0.02890625 0.0296875
20 0.2140625 0.38671875 0.0359375 0.03125
20 0.28515625 0.38828125 0.0296875 0.0296875
20 0.31953125 0.3890625 0.02890625 0.0296875
20 0.35234375 0.3890625 0.0296875 0.0296875
20 0.75 0.40234375 0.05859375 0.06953125
20 0.6875 0.4046875 0.05859375 0.0640625
20 0.51328125 0.40625 0.04453125 0.0640625
20 0.6234375 0.40625 0.05625 0.0640625
20 0.46640625 0.40625 0.04296875 0.0640625
20 0.86640625 0.40859375 0.04296875 0.05625
20 0.5625 0.40859375 0.04921875 0.0578125
20 0.8109375 0.40859375 0.05078125 0.05859375
20 0.384375 0.4125 0.02890625 0.0484375
20 0.421875 0.41328125 0.03515625 0.0484375
20 0.21015625 0.4203125 0.03515625 0.0296875
20 0.2453125 0.4203125 0.02734375 0.0296875
20 0.27890625 0.421875 0.0296875 0.0296875
20 0.3125 0.421875 0.02734375 0.02890625
20 0.34765625 0.421875 0.03125 0.02890625