20 0.27421875 0.78984375 0.0484375 0.0765625
20 0.22109375 0.790625 0.05390625 0.07578125
20 0.16796875 0.790625 0.05078125 0.0734375
20 0.321875 0.796875 0.04296875 0.0578125
20 0.453125 0.79921875 0.04453125 0.05859375
20 0.36640625 0.7984375 0.03828125 0.05625
20 0.41015625 0.7984375 0.04296875 0.05625
20 0.5 0.80078125 0.04296875 0.05859375
20 0.5453125 0.79921875 0.04296875 0.05859375
20 0.58671875 0.80625 0.03359375 0.0453125
20 0.73046875 0.8078125 0.040625 0.04296875
20 0.69453125 0.80859375 0.03984375 0.0453125
20 0.62265625 0.80859375 0.03515625 0.046875
20 0.65859375 0.80859375 0.0328125 0.04453125
20 0.84609375 0.81015625 0.0375 0.0453125
20 0.7703125 0.81015625 0.03515625 0.0453125
20 0.8078125 0.8109375 0.0375 0.0453125
20 0.665625 0.3453125 0.08984375 0.115625
20 0.74765625 0.3640625 0.05859375 0.06640625
20 0.80625 0.37265625 0.0515625 0.05078125
20 0.865625 0.3734375 0.05390625 0.05078125
20 0.43359375 0.46640625 0.04296875 0.078125
20 0.5890625 0.47109375 0.03515625 0.06640625
20 0.625 0.47109375 0.03515625 0.06640625
20 0.55078125 0.4703125 0.03828125 0.06484375
20 0.51328125 0.47109375 0.03515625 0.0671875
20 0.66015625 0.4796875 0.03125 0.0484375
20 0.69375 0.4796875 0.02890625 0.0453125
20 0.49609375 0.5765625 0.0484375 0.0609375
20 0.58671875 0.5765625 0.0484375 0.0609375
20 0.63203125 0.5765625 0.04453125 0.0609375
20 0.453125 0.578125 0.046875 0.0625
20 0.36171875 0.578125 0.0484375 0.0609375
20 0.31640625 0.578125 0.0484375 0.05859375
20 0.40625 0.578125 0.046875 0.0640625
20 0.540625 0.578125 0.04453125 0.0625
20 0.2703125 0.578125 0.0421875 0.0609375
20 0.74609375 0.58671875 0.0375 0.046875
20 0.71015625 0.58671875 0.03515625 0.0453125
20 0.6734375 0.58671875 0.0359375 0.046875
20 0.78359375 0.5921875 0.0328125 0.0296875
20 0.8171875 0.5921875 0.02890625 0.0296875
20 0.8484375 0.59375 0.03515625 0.02734375
20 0.61640625 0.69140625 0.0578125 0.071875
20 0.67578125 0.6921875 0.05859375 0.07578125
20 0.7453125 0.703125 0.0578125 0.05390625