20 0.19375 0.3921875 0.0453125 0.05859375
20 0.1421875 0.39296875 0.0515625 0.053125
20 0.084375 0.39453125 0.0484375 0.05390625
20 0.26171875 0.4421875 0.103125 0.0890625
20 0.36796875 0.4421875 0.10078125 0.08984375
20 0.48046875 0.446875 0.0984375 0.0765625
20 0.834375 0.446875 0.0828125 0.0796875
20 0.17890625 0.453125 0.05625 0.05859375
20 0.1265625 0.453125 0.05546875 0.0609375
20 0.0640625 0.453125 0.0515625 0.0640625
20 0.5640625 0.45546875 0.0625 0.05859375
20 0.69140625 0.45703125 0.0625 0.05625
20 0.75625 0.4578125 0.06484375 0.05859375
20 0.9109375 0.4578125 0.05546875 0.05625
20 0.62890625 0.4578125 0.0609375 0.0578125
20 0.9734375 0.4703125 0.053125 0.0375
20 0.390625 0.59140625 0.09140625 0.103125
20 0.2015625 0.59140625 0.09765625 0.103125
20 0.296875 0.59140625 0.09765625 0.103125
20 0.10703125 0.5921875 0.0921875 0.1
20 0.92578125 0.6 0.109375 0.08671875
20 0.81953125 0.60078125 0.09765625 0.0890625
20 0.47265625 0.60703125 0.0765625 0.06875
20 0.55625 0.60703125 0.0765625 0.06875
20 0.6390625 0.6078125 0.071875 0.0671875
20 0.72578125 0.6109375 0.0734375 0.0671875
20 0.171875 0.74296875 0.0875 0.0890625
20 0.3453125 0.74296875 0.08671875 0.0953125
20 0.259375 0.74296875 0.0890625 0.0921875
20 0.08515625 0.74296875 0.0828125 0.08984375
20 0.50234375 0.7546875 0.06875 0.06953125
20 0.5734375 0.7546875 0.078125 0.06953125
20 0.4265625 0.75625 0.071875 0.071875