20 0.4890625 0.2203125 0.04453125 0.0875
20 0.74140625 0.2203125 0.040625 0.0875
20 0.6390625 0.2203125 0.0421875 0.09140625
20 0.6890625 0.2203125 0.0453125 0.08671875
20 0.53984375 0.2203125 0.040625 0.08984375
20 0.5890625 0.22265625 0.03828125 0.0875
20 0.9828125 0.234375 0.03359375 0.0625
20 0.88828125 0.2359375 0.0375 0.0625
20 0.9390625 0.2359375 0.0375 0.0625
20 0.7359375 0.3546875 0.03828125 0.03125
20 0.6921875 0.3546875 0.0296875 0.02734375
20 0.78359375 0.3546875 0.040625 0.0296875
20 0.13125 0.35546875 0.0640625 0.103125
20 0.19921875 0.35703125 0.05625 0.10234375
20 0.0578125 0.3578125 0.05546875 0.10234375
20 0.26796875 0.36875 0.0515625 0.0796875
20 0.3296875 0.3703125 0.0515625 0.078125
20 0.44609375 0.3703125 0.05078125 0.08046875
20 0.38828125 0.3703125 0.0515625 0.0796875
20 0.65859375 0.38203125 0.040625 0.05625
20 0.5609375 0.38359375 0.0421875 0.05859375
20 0.609375 0.38359375 0.03984375 0.05859375
20 0.74609375 0.39296875 0.0359375 0.0328125
20 0.78984375 0.39296875 0.040625 0.0328125
20 0.703125 0.39453125 0.03828125 0.0359375
20 0.1546875 0.478125 0.06875 0.0765625
20 0.23828125 0.478125 0.06640625 0.07578125
20 0.3140625 0.4796875 0.07109375 0.0765625
20 0.0734375 0.48203125 0.071875 0.06875
20 0.3859375 0.484375 0.05390625 0.0640625
20 0.44609375 0.48671875 0.0515625 0.0625
20 0.5046875 0.49140625 0.0515625 0.05546875