20 0.86875 0.2703125 0.06484375 0.1109375
20 0.79453125 0.27265625 0.06640625 0.109375
20 0.93515625 0.2828125 0.05625 0.084375
20 0.8234375 0.4171875 0.0609375 0.08515625
20 0.52421875 0.41796875 0.04453125 0.09609375
20 0.23828125 0.43046875 0.0765625 0.0765625
20 0.3125 0.43046875 0.0734375 0.0765625
20 0.7671875 0.43046875 0.04453125 0.0625
20 0.08046875 0.43046875 0.078125 0.08046875
20 0.4734375 0.43125 0.03984375 0.0671875
20 0.71484375 0.43125 0.04453125 0.0625
20 0.1625 0.43359375 0.07578125 0.0765625
20 0.375 0.4375 0.0421875 0.0609375
20 0.428125 0.446875 0.0484375 0.03984375