20 0.4359375 0.88125 0.05078125 0.1390625
20 0.4953125 0.88671875 0.05390625 0.13359375
20 0.54921875 0.9 0.0421875 0.1046875
20 0.59375 0.9015625 0.0484375 0.1046875
20 0.8859375 0.90390625 0.046875 0.11875
20 0.64453125 0.90390625 0.05078125 0.1078125
20 0.9375 0.9109375 0.0484375 0.125
20 0.68984375 0.91796875 0.03828125 0.078125
20 0.73203125 0.91953125 0.0359375 0.0828125
20 0.7703125 0.91953125 0.03359375 0.08046875
20 0.984375 0.93046875 0.0296875 0.09140625
20 0.80625 0.93125 0.03125 0.04921875
20 0.8421875 0.9375 0.0359375 0.053125
20 0.57109375 0.4390625 0.0640625 0.14296875
20 0.7921875 0.4390625 0.0671875 0.1453125
20 0.6421875 0.4421875 0.0671875 0.140625
20 0.72109375 0.4421875 0.07109375 0.134375
20 0.1203125 0.47578125 0.0328125 0.08046875
20 0.1578125 0.47734375 0.02890625 0.07421875
20 0.046875 0.47734375 0.02890625 0.07421875
20 0.0828125 0.4859375 0.03359375 0.0640625
20 0.7390625 0.6046875 0.05390625 0.0734375
20 0.4046875 0.70546875 0.05859375 0.08046875
20 0.52421875 0.70703125 0.06015625 0.0828125
20 0.4640625 0.7078125 0.05625 0.078125
20 0.76171875 0.709375 0.0609375 0.0890625
20 0.8953125 0.71015625 0.06640625 0.1046875
20 0.828125 0.71171875 0.0640625 0.09375