20 0.6140625 0.32109375 0.0953125 0.08515625
20 0.6984375 0.3421875 0.0625 0.040625
20 0.37734375 0.44609375 0.0453125 0.06015625
20 0.48671875 0.44609375 0.04453125 0.05859375
20 0.4328125 0.44609375 0.04453125 0.05859375
20 0.7703125 0.45078125 0.03515625 0.0453125
20 0.81484375 0.45078125 0.03515625 0.0484375
20 0.8578125 0.46015625 0.03515625 0.02890625
20 0.7828125 0.54921875 0.025 0.021875
20 0.8140625 0.55078125 0.03125 0.021875
20 0.85546875 0.5515625 0.03125 0.0203125
20 0.428125 0.55625 0.0453125 0.0453125
20 0.4796875 0.5578125 0.0421875 0.0421875
20 0.3734375 0.5578125 0.046875 0.040625
20 0.53125 0.5578125 0.04453125 0.04296875
20 0.31953125 0.56015625 0.046875 0.040625
20 0.66328125 0.5640625 0.0359375 0.0296875
20 0.578125 0.5640625 0.03828125 0.0296875
20 0.70703125 0.5640625 0.03359375 0.0296875
20 0.74765625 0.5640625 0.0328125 0.0296875
20 0.62109375 0.56484375 0.0359375 0.0296875
20 0.71015625 0.63671875 0.0453125 0.04296875
20 0.7640625 0.63671875 0.0453125 0.04296875
20 0.65859375 0.6390625 0.04453125 0.0421875
20 0.484375 0.64296875 0.053125 0.03828125
20 0.42421875 0.64296875 0.05546875 0.0375
20 0.3453125 0.64453125 0.0609375 0.03515625
20 0.8109375 0.64453125 0.03515625 0.0328125
20 0.85546875 0.64453125 0.03828125 0.0328125
20 0.27890625 0.6453125 0.06015625 0.0359375
20 0.40390625 0.7453125 0.0875 0.0796875
20 0.5046875 0.7453125 0.0890625 0.0796875
20 0.3109375 0.7484375 0.08671875 0.07421875
20 0.171875 0.75625 0.05390625 0.0609375
20 0.10703125 0.75625 0.05390625 0.05859375
20 0.23203125 0.75703125 0.04921875 0.05859375
20 0.58984375 0.75703125 0.0578125 0.0515625
20 0.66015625 0.75703125 0.06015625 0.05390625
20 0.87734375 0.7609375 0.0625 0.06953125
20 0.80625 0.76328125 0.06953125 0.06640625
20 0.73203125 0.765625 0.0640625 0.0609375