20 0.46484375 0.1984375 0.10703125 0.09765625
20 0.6 0.19921875 0.09609375 0.0953125
20 0.7140625 0.20078125 0.10234375 0.0953125
20 0.8265625 0.2015625 0.1046875 0.09609375
20 0.9421875 0.203125 0.1046875 0.0953125
20 0.91328125 0.3765625 0.07109375 0.05625
20 0.60703125 0.6515625 0.0796875 0.0953125
20 0.51171875 0.65234375 0.08046875 0.09609375
20 0.6859375 0.6734375 0.05859375 0.05859375
20 0.884375 0.6734375 0.05625 0.05390625
20 0.82421875 0.6734375 0.05546875 0.05546875
20 0.75625 0.6734375 0.0640625 0.05546875