20 0.51796875 0.4859375 0.05859375 0.14296875
20 0.1046875 0.5 0.07109375 0.10703125
20 0.1859375 0.49765625 0.0734375 0.1109375
20 0.2703125 0.49765625 0.07421875 0.11171875
20 0.6875 0.50390625 0.04453125 0.10703125
20 0.83984375 0.50390625 0.0484375 0.1078125
20 0.35234375 0.5046875 0.0484375 0.1078125
20 0.63828125 0.50234375 0.046875 0.109375
20 0.7921875 0.50390625 0.04296875 0.1078125
20 0.40390625 0.5015625 0.0421875 0.1046875
20 0.46484375 0.50234375 0.04453125 0.10078125
20 0.89296875 0.50234375 0.04921875 0.11171875
20 0.94375 0.50390625 0.053125 0.1109375
20 0.740625 0.50703125 0.04453125 0.1078125
20 0.31875 0.821875 0.08203125 0.16015625
20 0.08671875 0.82421875 0.078125 0.14921875
20 0.24140625 0.82421875 0.0765625 0.15625
20 0.734375 0.828125 0.084375 0.171875
20 0.48046875 0.828125 0.07421875 0.1671875
20 0.5625 0.8265625 0.08046875 0.16796875
20 0.165625 0.82421875 0.07421875 0.15859375
20 0.4 0.82421875 0.078125 0.1625
20 0.64921875 0.8265625 0.08046875 0.16953125
20 0.5828125 0.48671875 0.05859375 0.14765625