20 0.33671875 0.8375 0.05390625 0.071875
20 0.28125 0.8453125 0.04296875 0.05859375
20 0.3953125 0.84609375 0.05390625 0.05625
20 0.228125 0.84609375 0.04296875 0.0578125
20 0.18046875 0.84765625 0.040625 0.06015625
20 0.13125 0.85 0.040625 0.0578125
20 0.2390625 0.275 0.07578125 0.08203125
20 0.3234375 0.2765625 0.08046875 0.0828125
20 0.1546875 0.2765625 0.0734375 0.0796875
20 0.40234375 0.2796875 0.06953125 0.07421875
20 0.0796875 0.28125 0.07421875 0.078125
20 0.25 0.56875 0.0609375 0.05625
20 0.11875 0.56953125 0.0625 0.05859375
20 0.1859375 0.5734375 0.05390625 0.0515625
20 0.375 0.71015625 0.05625 0.05546875
20 0.30859375 0.71171875 0.06015625 0.053125