20 0.11328125 0.65390625 0.0828125 0.04921875
20 0.53515625 0.7203125 0.06640625 0.0421875
20 0.46484375 0.72109375 0.0609375 0.04296875
20 0.3953125 0.725 0.05390625 0.040625
20 0.33515625 0.72578125 0.05546875 0.040625
20 0.26953125 0.72578125 0.06015625 0.040625
20 0.209375 0.7296875 0.05390625 0.040625
20 0.14921875 0.7296875 0.05859375 0.0421875
20 0.0796875 0.73046875 0.0625 0.04296875
20 0.60078125 0.25859375 0.0625 0.07578125
20 0.5296875 0.25703125 0.0640625 0.07578125
20 0.6734375 0.259375 0.05625 0.0765625
20 0.45546875 0.25859375 0.07109375 0.0796875
20 0.74375 0.259375 0.06640625 0.07578125
20 0.80546875 0.26796875 0.05078125 0.06484375
20 0.9734375 0.2671875 0.04921875 0.0640625
20 0.859375 0.265625 0.05078125 0.0640625
20 0.91796875 0.2671875 0.05546875 0.06484375
20 0.6859375 0.35703125 0.04296875 0.05859375
20 0.73828125 0.35703125 0.04453125 0.0609375
20 0.634375 0.36640625 0.03984375 0.04296875
20 0.5875 0.365625 0.04453125 0.0421875
20 0.32421875 0.46484375 0.04453125 0.02265625
20 0.37890625 0.475 0.06015625 0.05546875
20 0.21484375 0.47578125 0.06015625 0.05546875
20 0.43984375 0.48046875 0.0453125 0.03828125
20 0.54453125 0.48046875 0.0453125 0.03984375
20 0.27421875 0.48046875 0.04296875 0.0421875
20 0.59609375 0.48046875 0.04921875 0.040625
20 0.49140625 0.48046875 0.04453125 0.03984375
20 0.32421875 0.49140625 0.04296875 0.02265625
20 0.18125 0.56875 0.0828125 0.053125
20 0.09140625 0.56953125 0.0796875 0.05546875