20 0.0671875 0.2234375 0.06484375 0.1296875
20 0.30859375 0.2296875 0.05078125 0.11171875
20 0.1890625 0.2296875 0.053125 0.10703125
20 0.88828125 0.2296875 0.04453125 0.0765625
20 0.834375 0.23046875 0.04296875 0.08046875
20 0.25 0.23203125 0.053125 0.109375
20 0.13125 0.2328125 0.05078125 0.1046875
20 0.77734375 0.234375 0.04453125 0.0765625
20 0.47578125 0.428125 0.053125 0.071875
20 0.64296875 0.4234375 0.0515625 0.07109375
20 0.5875 0.4234375 0.0515625 0.0734375
20 0.5328125 0.42578125 0.05390625 0.0734375
20 0.79296875 0.43125 0.04453125 0.04453125
20 0.69375 0.43359375 0.04296875 0.04453125
20 0.74609375 0.43125 0.04453125 0.040625
20 0.35234375 0.5640625 0.0765625 0.103125
20 0.2703125 0.5640625 0.08515625 0.1046875
20 0.4390625 0.56640625 0.08046875 0.10078125
20 0.18515625 0.56953125 0.0875 0.09375
20 0.5140625 0.57578125 0.06015625 0.0796875
20 0.5796875 0.5765625 0.0609375 0.08046875
20 0.8375 0.5765625 0.0609375 0.0765625
20 0.69453125 0.578125 0.06484375 0.07421875
20 0.765625 0.5796875 0.0640625 0.07109375
20 0.634375 0.584375 0.046875 0.05859375