20 0.41796875 0.27421875 0.08203125 0.08984375
20 0.7484375 0.275 0.0734375 0.084375
20 0.50234375 0.275 0.08046875 0.08046875
20 0.671875 0.2765625 0.071875 0.084375
20 0.58203125 0.2765625 0.07421875 0.0828125
20 0.821875 0.27890625 0.071875 0.08046875
20 0.515625 0.42890625 0.07578125 0.0890625
20 0.82421875 0.43125 0.06953125 0.084375
20 0.271875 0.43125 0.0625 0.10078125
20 0.6734375 0.43125 0.07421875 0.084375
20 0.2015625 0.4328125 0.0609375 0.09609375
20 0.5953125 0.4328125 0.0734375 0.0890625
20 0.7484375 0.4328125 0.071875 0.084375
20 0.43359375 0.43515625 0.07578125 0.08671875
20 0.34609375 0.4375 0.07578125 0.08671875
20 0.38125 0.59609375 0.05078125 0.07109375
20 0.6140625 0.59765625 0.0359375 0.053125
20 0.66796875 0.59765625 0.0375 0.053125
20 0.32578125 0.5984375 0.0515625 0.06875
20 0.5671875 0.5984375 0.0375 0.053125
20 0.52265625 0.60078125 0.0375 0.053125
20 0.26796875 0.60078125 0.0515625 0.06875
20 0.2078125 0.603125 0.053125 0.0734375
20 0.478125 0.603125 0.0375 0.05390625
20 0.43125 0.6046875 0.03984375 0.05390625