20 0.19921875 0.26796875 0.040625 0.0640625
20 0.2453125 0.26796875 0.03828125 0.0625
20 0.15625 0.2671875 0.040625 0.0640625
20 0.2875 0.26796875 0.0375 0.0640625
20 0.1 0.31875 0.04921875 0.0875
20 0.3390625 0.31640625 0.06640625 0.103125
20 0.4046875 0.328125 0.05859375 0.08046875
20 0.4625 0.328125 0.05859375 0.0796875
20 0.14453125 0.33203125 0.03984375 0.0609375
20 0.19375 0.3328125 0.040625 0.0609375
20 0.2359375 0.334375 0.040625 0.0609375
20 0.27890625 0.334375 0.04453125 0.0609375
20 0.5203125 0.33984375 0.04453125 0.06015625
20 0.56640625 0.33984375 0.04296875 0.0578125
20 0.615625 0.34140625 0.04453125 0.05859375
20 0.6609375 0.34140625 0.04453125 0.05546875
20 0.76328125 0.42421875 0.04296875 0.040625
20 0.71484375 0.42421875 0.0359375 0.03984375
20 0.8078125 0.42578125 0.040625 0.0375
20 0.02421875 0.453125 0.0359375 0.0796875
20 0.0609375 0.4546875 0.03515625 0.08046875
20 0.1 0.45546875 0.03515625 0.0828125
20 0.17578125 0.45546875 0.040625 0.08203125
20 0.13671875 0.4578125 0.03984375 0.08515625
20 0.2125 0.4578125 0.0375 0.0796875
20 0.5046875 0.459375 0.06953125 0.08671875
20 0.58046875 0.46015625 0.06953125 0.0890625
20 0.65859375 0.4625 0.071875 0.0875
20 0.37890625 0.4625 0.0578125 0.071875
20 0.3234375 0.4640625 0.053125 0.07421875
20 0.26171875 0.46484375 0.05390625 0.07421875
20 0.4359375 0.46484375 0.0578125 0.07109375
20 0.86796875 0.47109375 0.071875 0.0765625
20 0.94921875 0.47265625 0.07578125 0.071875
20 0.80625 0.47578125 0.04296875 0.0609375
20 0.759375 0.47578125 0.04296875 0.0609375
20 0.71640625 0.47734375 0.0421875 0.0625
20 0.540625 0.54921875 0.0328125 0.025
20 0.615625 0.54921875 0.03359375 0.025
20 0.5796875 0.55078125 0.0328125 0.02421875
20 0.06015625 0.55390625 0.05859375 0.040625
20 0.18125 0.55546875 0.0578125 0.040625
20 0.12109375 0.55546875 0.0578125 0.04296875
20 0.30859375 0.55625 0.05546875 0.040625
20 0.24609375 0.5578125 0.05859375 0.040625
20 0.5453125 0.58515625 0.0375 0.0328125
20 0.58203125 0.58671875 0.03515625 0.0296875
20 0.61875 0.58671875 0.03359375 0.0265625
20 0.671875 0.60703125 0.06875 0.0828125
20 0.81953125 0.60703125 0.06640625 0.084375
20 0.74609375 0.60703125 0.0671875 0.0796875
20 0.11875 0.609375 0.0609375 0.0640625
20 0.8921875 0.6109375 0.0609375 0.08203125
20 0.1875 0.609375 0.06015625 0.06015625
20 0.0515625 0.6109375 0.0640625 0.06484375
20 0.25 0.6109375 0.05078125 0.0578125
20 0.37109375 0.61328125 0.06015625 0.0640625
20 0.49375 0.61328125 0.05625 0.0640625
20 0.30859375 0.6140625 0.0578125 0.0640625
20 0.43359375 0.6140625 0.053125 0.0640625
20 0.5453125 0.62734375 0.03515625 0.03359375
20 0.58515625 0.62890625 0.03359375 0.03359375
20 0.61875 0.6296875 0.03515625 0.03359375