20 0.078125 0.1921875 0.0421875 0.0625
20 0.025 0.19375 0.04453125 0.06015625
20 0.65390625 0.328125 0.05390625 0.1046875
20 0.71484375 0.33046875 0.0515625 0.10546875
20 0.7828125 0.35 0.07109375 0.0625
20 0.8609375 0.35234375 0.0671875 0.0609375
20 0.9390625 0.35234375 0.06875 0.05625
20 0.271875 0.45546875 0.08515625 0.08984375
20 0.18125 0.45546875 0.0828125 0.08984375
20 0.08984375 0.4625 0.08515625 0.0796875
20 0.3640625 0.4625 0.08515625 0.09140625
20 0.66796875 0.475 0.0515625 0.07421875
20 0.728125 0.47578125 0.053125 0.07109375
20 0.78984375 0.478125 0.0515625 0.07421875
20 0.8484375 0.47734375 0.053125 0.071875
20 0.91015625 0.4796875 0.05390625 0.0734375
20 0.453125 0.48046875 0.0421875 0.05390625
20 0.5515625 0.48046875 0.03828125 0.053125
20 0.60703125 0.48046875 0.0421875 0.05546875
20 0.5015625 0.48203125 0.046875 0.05546875
20 0.90390625 0.728125 0.03359375 0.0328125
20 0.86328125 0.7296875 0.03984375 0.03125
20 0.853125 0.7640625 0.03984375 0.03125
20 0.9 0.7640625 0.046875 0.03125
20 0.890625 0.90390625 0.0625 0.06640625
20 0.821875 0.9078125 0.0625 0.06015625