20 0.43125 0.23046875 0.03828125 0.0484375
20 0.47109375 0.2296875 0.0359375 0.05078125
20 0.3921875 0.23046875 0.0375 0.04453125
20 0.35 0.23046875 0.0359375 0.0484375
20 0.5453125 0.2609375 0.03125 0.02734375
20 0.58046875 0.26171875 0.03125 0.02265625
20 0.5109375 0.26171875 0.03125 0.02734375
20 0.42890625 0.2796875 0.0328125 0.04453125
20 0.4671875 0.28125 0.0359375 0.0453125
20 0.3484375 0.28125 0.0359375 0.04921875
20 0.38828125 0.28125 0.0375 0.0484375
20 0.54296875 0.28984375 0.03359375 0.02890625
20 0.50625 0.290625 0.03359375 0.02890625
20 0.5765625 0.290625 0.02890625 0.0265625
20 0.57578125 0.4359375 0.05625 0.0484375
20 0.44921875 0.4375 0.06015625 0.0484375
20 0.51171875 0.4375 0.06015625 0.05078125
20 0.63828125 0.4390625 0.05859375 0.04921875
20 0.58046875 0.515625 0.0453125 0.05859375
20 0.63125 0.515625 0.0453125 0.0625
20 0.375 0.571875 0.04296875 0.08046875
20 0.5359375 0.5765625 0.05625 0.0796875
20 0.41796875 0.58046875 0.03515625 0.071875
20 0.63671875 0.58515625 0.046875 0.0640625
20 0.5875 0.58515625 0.04296875 0.06484375
20 0.68359375 0.58671875 0.046875 0.0640625
20 0.49375 0.59140625 0.0296875 0.05078125
20 0.56953125 0.7296875 0.0609375 0.0765625
20 0.44453125 0.73046875 0.05859375 0.06953125
20 0.50703125 0.73046875 0.05625 0.06953125
20 0.6421875 0.734375 0.05859375 0.07421875