20 0.6578125 0.36640625 0.03515625 0.01953125
20 0.77265625 0.3703125 0.0359375 0.025
20 0.69453125 0.37109375 0.02890625 0.02734375
20 0.7328125 0.37265625 0.0296875 0.02890625
20 0.34765625 0.3890625 0.07109375 0.09765625
20 0.259375 0.390625 0.084375 0.10078125
20 0.49296875 0.39765625 0.05625 0.06875
20 0.42578125 0.39921875 0.0640625 0.07109375
20 0.64921875 0.4015625 0.03515625 0.0484375
20 0.603125 0.40234375 0.040625 0.0484375
20 0.5515625 0.40390625 0.04296875 0.05078125
20 0.80546875 0.40625 0.02890625 0.02421875
20 0.7703125 0.4078125 0.02734375 0.0265625
20 0.7328125 0.41015625 0.03515625 0.025
20 0.6921875 0.41015625 0.03515625 0.0265625
20 0.75390625 0.5140625 0.053125 0.078125
20 0.68515625 0.5203125 0.07109375 0.06875
20 0.61875 0.53515625 0.05625 0.05078125
20 0.35703125 0.53828125 0.06484375 0.0953125
20 0.55390625 0.53984375 0.05390625 0.05625
20 0.49140625 0.546875 0.053125 0.05625
20 0.42578125 0.55078125 0.05859375 0.0578125
20 0.27734375 0.56875 0.078125 0.05390625
20 0.18515625 0.5765625 0.084375 0.05546875
20 0.0796875 0.5828125 0.0984375 0.0640625
20 0.334375 0.6546875 0.04296875 0.0484375
20 0.27890625 0.66015625 0.03828125 0.04921875
20 0.22734375 0.665625 0.040625 0.0515625
20 0.33984375 0.7078125 0.0421875 0.04296875
20 0.1671875 0.709375 0.06875 0.08984375
20 0.28515625 0.7140625 0.0421875 0.0453125
20 0.234375 0.72109375 0.04296875 0.046875