20 0.303125 0.078125 0.02734375 0.07421875
20 0.271875 0.078125 0.02890625 0.07109375
20 0.33203125 0.08046875 0.0265625 0.0734375
20 0.3453125 0.82578125 0.0296875 0.02734375
20 0.203125 0.8265625 0.02890625 0.0296875
20 0.40859375 0.8265625 0.02890625 0.0296875
20 0.30859375 0.828125 0.03359375 0.02890625
20 0.37734375 0.828125 0.02890625 0.0296875
20 0.271875 0.828125 0.03515625 0.02890625
20 0.23828125 0.8296875 0.03125 0.0296875
20 0.2859375 0.86796875 0.0328125 0.03359375
20 0.31875 0.86796875 0.0296875 0.03515625
20 0.41328125 0.86875 0.02890625 0.03125
20 0.2546875 0.86875 0.03359375 0.0375
20 0.35 0.86875 0.03125 0.03359375
20 0.19140625 0.86875 0.02890625 0.0375
20 0.38203125 0.8703125 0.03359375 0.0328125
20 0.2234375 0.87109375 0.03125 0.03359375
20 0.4078125 0.915625 0.0359375 0.0296875
20 0.3703125 0.9171875 0.02890625 0.02890625
20 0.334375 0.91796875 0.03359375 0.02890625
20 0.259375 0.91796875 0.0296875 0.02734375
20 0.18515625 0.91953125 0.0328125 0.025
20 0.2953125 0.91953125 0.03125 0.02890625
20 0.2234375 0.9203125 0.0328125 0.02890625
20 0.78515625 0.18984375 0.025 0.05078125
20 0.759375 0.23046875 0.0328125 0.071875
20 0.72109375 0.23203125 0.0328125 0.06875
20 0.68359375 0.234375 0.03125 0.071875
20 0.79296875 0.24140625 0.02890625 0.05078125
20 0.5140625 0.33515625 0.0578125 0.0734375
20 0.4578125 0.33515625 0.053125 0.07421875
20 0.365625 0.33671875 0.03828125 0.06875
20 0.57421875 0.3375 0.053125 0.06484375
20 0.27890625 0.3375 0.040625 0.06953125
20 0.3234375 0.3375 0.040625 0.06953125
20 0.1921875 0.3375 0.0421875 0.06875
20 0.40859375 0.3390625 0.03984375 0.06953125
20 0.23671875 0.3390625 0.03828125 0.0671875
20 0.4578125 0.43984375 0.021875 0.06640625
20 0.42890625 0.44140625 0.021875 0.0640625
20 0.484375 0.4421875 0.021875 0.0625
20 0.6421875 0.4421875 0.053125 0.06015625
20 0.396875 0.44375 0.0359375 0.0640625
20 0.53828125 0.44375 0.02421875 0.0609375
20 0.696875 0.44375 0.053125 0.05859375
20 0.584375 0.44453125 0.0515625 0.0578125
20 0.35234375 0.44453125 0.0421875 0.0625
20 0.5109375 0.44453125 0.02421875 0.05859375
20 0.3078125 0.44609375 0.03828125 0.0640625
20 0.31015625 0.53984375 0.046875 0.0578125
20 0.259375 0.5421875 0.05546875 0.0515625
20 0.35 0.5421875 0.0328125 0.0453125
20 0.384375 0.5421875 0.03125 0.0453125
20 0.48828125 0.54296875 0.0296875 0.03984375
20 0.41953125 0.54296875 0.03359375 0.0453125
20 0.19921875 0.54453125 0.05546875 0.053125
20 0.4546875 0.54453125 0.0296875 0.04296875
20 0.4109375 0.6421875 0.03125 0.046875
20 0.44609375 0.64296875 0.0328125 0.046875
20 0.375 0.64296875 0.03125 0.0453125
20 0.30546875 0.64453125 0.03125 0.0484375
20 0.33984375 0.64453125 0.03359375 0.0484375
20 0.271875 0.646875 0.0328125 0.0453125
20 0.234375 0.646875 0.0328125 0.0453125
20 0.20078125 0.64765625 0.02890625 0.0453125
20 0.50390625 0.7484375 0.0421875 0.05625
20 0.453125 0.75 0.04296875 0.053125
20 0.2140625 0.7515625 0.0453125 0.05859375
20 0.259375 0.7515625 0.040625 0.05625
20 0.4046875 0.7515625 0.04453125 0.05546875
20 0.30859375 0.75234375 0.04296875 0.053125
20 0.35703125 0.75390625 0.04296875 0.05078125
20 0.3609375 0.07578125 0.025 0.07421875
20 0.24140625 0.0765625 0.025 0.071875
20 0.18359375 0.0765625 0.02890625 0.06953125
20 0.2125 0.078125 0.0265625 0.07109375