20 0.14296875 0.2765625 0.03828125 0.05625
20 0.10234375 0.2765625 0.040625 0.05625
20 0.68046875 0.39296875 0.0453125 0.09375
20 0.6265625 0.390625 0.04921875 0.0921875
20 0.73671875 0.41015625 0.0640625 0.05859375
20 0.80625 0.4109375 0.06015625 0.05859375
20 0.8765625 0.4109375 0.05859375 0.0609375
20 0.2296875 0.50703125 0.07109375 0.0828125
20 0.30546875 0.50859375 0.06875 0.08515625
20 0.38125 0.509375 0.071875 0.08671875
20 0.15 0.51171875 0.071875 0.071875
20 0.6390625 0.52265625 0.05078125 0.0671875
20 0.69375 0.52265625 0.0453125 0.06640625
20 0.74609375 0.52421875 0.0453125 0.0671875
20 0.8015625 0.52421875 0.05078125 0.06953125
20 0.4546875 0.52890625 0.040625 0.05078125
20 0.4984375 0.52890625 0.03359375 0.04921875
20 0.5875 0.52890625 0.0375 0.05078125
20 0.540625 0.5296875 0.0375 0.0515625
20 0.71171875 0.75390625 0.0328125 0.0296875
20 0.74765625 0.75390625 0.02734375 0.0296875
20 0.79453125 0.77265625 0.0484375 0.05546875
20 0.71015625 0.7859375 0.02734375 0.02734375
20 0.74609375 0.7859375 0.03359375 0.02734375