20 0.82109375 0.6265625 0.03125 0.0453125
20 0.7484375 0.62734375 0.03125 0.046875
20 0.71171875 0.62734375 0.03125 0.046875
20 0.78359375 0.62734375 0.03359375 0.046875
20 0.240625 0.62890625 0.03125 0.04296875
20 0.16328125 0.6296875 0.0328125 0.0421875
20 0.2015625 0.6296875 0.03125 0.0421875
20 0.27890625 0.6296875 0.03515625 0.0421875
20 0.53515625 0.70703125 0.03125 0.0265625
20 0.7296875 0.709375 0.02734375 0.015625
20 0.696875 0.70546875 0.02734375 0.025
20 0.63125 0.70703125 0.0296875 0.02265625
20 0.56875 0.7078125 0.0296875 0.02734375
20 0.5984375 0.7078125 0.03125 0.025
20 0.66484375 0.7078125 0.0296875 0.02421875
20 0.23671875 0.7234375 0.05859375 0.071875
20 0.17578125 0.725 0.06015625 0.06484375
20 0.63359375 0.73828125 0.02890625 0.02421875
20 0.5359375 0.7390625 0.0328125 0.02265625
20 0.6984375 0.73671875 0.03125 0.025
20 0.5984375 0.73828125 0.03359375 0.02265625
20 0.73203125 0.7359375 0.0328125 0.02421875
20 0.5671875 0.73828125 0.0265625 0.025
20 0.665625 0.73671875 0.03125 0.025
20 0.2125 0.8765625 0.0609375 0.06015625
20 0.1453125 0.8765625 0.0625 0.0578125
20 0.353125 0.87734375 0.06640625 0.06640625
20 0.2828125 0.87890625 0.06953125 0.0640625
20 0.42421875 0.88203125 0.0640625 0.06015625
20 0.2046875 0.40234375 0.04453125 0.084375
20 0.15234375 0.40234375 0.04296875 0.0828125
20 0.81484375 0.4046875 0.04921875 0.0671875
20 0.76328125 0.4046875 0.0453125 0.0671875
20 0.2859375 0.40859375 0.0328125 0.06953125
20 0.2484375 0.40859375 0.03515625 0.06875
20 0.34609375 0.53515625 0.0484375 0.0578125
20 0.296875 0.53515625 0.04453125 0.05859375
20 0.203125 0.5359375 0.04296875 0.0609375
20 0.25 0.5359375 0.0421875 0.0609375
20 0.15390625 0.5359375 0.040625 0.0609375
20 0.4703125 0.5375 0.03515625 0.0453125
20 0.3890625 0.53984375 0.03359375 0.0453125
20 0.42890625 0.53828125 0.0359375 0.0484375