20 0.11171875 0.75390625 0.05859375 0.07421875
20 0.1703125 0.75390625 0.05078125 0.07421875
20 0.2328125 0.75625 0.05390625 0.07578125
20 0.4046875 0.75703125 0.04453125 0.07578125
20 0.459375 0.75859375 0.04453125 0.0796875
20 0.290625 0.775 0.05078125 0.03828125
20 0.35 0.775 0.053125 0.03828125
20 0.1078125 0.89453125 0.08046875 0.078125
20 0.19453125 0.89453125 0.07578125 0.07578125
20 0.28359375 0.9 0.08046875 0.08671875
20 0.125 0.2796875 0.1109375 0.13203125
20 0.240625 0.2859375 0.109375 0.12734375
20 0.34375 0.30078125 0.07421875 0.1109375
20 0.4234375 0.30390625 0.07578125 0.1109375
20 0.50625 0.30625 0.07421875 0.10703125
20 0.14921875 0.4421875 0.10703125 0.10546875
20 0.26171875 0.44609375 0.10546875 0.109375
20 0.2828125 0.60546875 0.0671875 0.1078125
20 0.11875 0.60546875 0.0734375 0.1
20 0.203125 0.609375 0.07421875 0.09609375
20 0.3609375 0.6109375 0.071875 0.103125
20 0.4375 0.61171875 0.06953125 0.1046875