20 0.74140625 0.24375 0.05546875 0.10234375
20 0.8078125 0.24765625 0.05078125 0.1
20 0.8734375 0.25 0.0515625 0.10078125
20 0.93515625 0.2546875 0.053125 0.10078125
20 0.0890625 0.3578125 0.11171875 0.1
20 0.2078125 0.3609375 0.10078125 0.09765625
20 0.32578125 0.3609375 0.1078125 0.10234375
20 0.44609375 0.36171875 0.103125 0.10234375
20 0.5515625 0.37109375 0.08671875 0.08203125
20 0.64921875 0.375 0.08203125 0.078125
20 0.73203125 0.37890625 0.08203125 0.08203125
20 0.8078125 0.38125 0.046875 0.071875
20 0.86171875 0.38203125 0.0484375 0.071875
20 0.9171875 0.3859375 0.046875 0.071875
20 0.1109375 0.4984375 0.103125 0.1203125
20 0.69453125 0.4984375 0.05390625 0.03984375
20 0.21875 0.5 0.0953125 0.11875
20 0.81015625 0.5 0.04921875 0.0359375
20 0.75390625 0.5015625 0.0484375 0.0375
20 0.3171875 0.5015625 0.084375 0.11796875
20 0.4109375 0.51171875 0.0796875 0.09375
20 0.49609375 0.51328125 0.078125 0.0953125
20 0.56953125 0.52734375 0.053125 0.06875
20 0.9 0.52734375 0.0890625 0.06484375
20 0.63125 0.52890625 0.05390625 0.06640625
20 0.69140625 0.5421875 0.04921875 0.03828125
20 0.7515625 0.5421875 0.046875 0.03828125
20 0.80546875 0.54296875 0.0484375 0.03828125