20 0.23671875 0.384375 0.0359375 0.0875
20 0.19453125 0.384375 0.03125 0.0875
20 0.27734375 0.38671875 0.040625 0.0796875
20 0.7640625 0.40390625 0.0375 0.05546875
20 0.8125 0.4046875 0.03515625 0.05546875
20 0.6875 0.51328125 0.07421875 0.08046875
20 0.76171875 0.51953125 0.05546875 0.0734375
20 0.25625 0.521875 0.04453125 0.053125
20 0.20703125 0.521875 0.04453125 0.053125
20 0.30625 0.521875 0.04296875 0.05390625
20 0.446875 0.521875 0.0609375 0.0578125
20 0.5203125 0.52734375 0.0734375 0.0515625
20 0.60078125 0.52734375 0.0671875 0.053125
20 0.35078125 0.53125 0.03984375 0.03359375
20 0.3921875 0.5328125 0.0375 0.03359375