20 0.084375 0.13203125 0.11171875 0.0609375
20 0.3265625 0.1359375 0.109375 0.0640625
20 0.4515625 0.1359375 0.10703125 0.06640625
20 0.20546875 0.1359375 0.103125 0.05859375
20 0.56640625 0.13671875 0.1046875 0.06484375
20 0.678125 0.1390625 0.11640625 0.06484375
20 0.7984375 0.14296875 0.1046875 0.06015625
20 0.9203125 0.14453125 0.11328125 0.0609375
20 0.09765625 0.296875 0.0828125 0.0828125
20 0.5203125 0.3015625 0.08515625 0.08046875
20 0.6046875 0.3015625 0.08671875 0.0796875
20 0.17578125 0.3078125 0.06640625 0.05859375
20 0.3171875 0.31015625 0.0640625 0.0609375
20 0.24609375 0.31015625 0.06484375 0.06015625
20 0.6859375 0.3125 0.06640625 0.0578125
20 0.3859375 0.32109375 0.06015625 0.0359375
20 0.44921875 0.321875 0.06015625 0.0359375
20 0.26328125 0.46171875 0.0765625 0.10546875
20 0.06640625 0.47578125 0.09609375 0.0765625
20 0.1671875 0.47734375 0.0984375 0.06953125
20 0.334375 0.4828125 0.0578125 0.0625
20 0.39765625 0.484375 0.05390625 0.0609375
20 0.459375 0.484375 0.05546875 0.0625
20 0.85078125 0.4828125 0.10703125 0.0671875
20 0.60546875 0.484375 0.109375 0.0640625
20 0.728125 0.484375 0.11171875 0.0609375
20 0.51953125 0.4859375 0.05546875 0.0640625
20 0.1765625 0.6421875 0.1046875 0.08671875
20 0.06484375 0.64453125 0.10703125 0.084375
20 0.2984375 0.646875 0.10546875 0.0796875
20 0.415625 0.64921875 0.11171875 0.07109375