20 0.2859375 0.1 0.0671875 0.1
20 0.359375 0.103125 0.06640625 0.0953125
20 0.2515625 0.56640625 0.06953125 0.071875
20 0.1875 0.57421875 0.0515625 0.05625
20 0.134375 0.5828125 0.046875 0.03984375
20 0.084375 0.58203125 0.04453125 0.0375
20 0.70546875 0.5890625 0.04453125 0.0484375
20 0.765625 0.58671875 0.0640625 0.06015625
20 0.65234375 0.5875 0.04921875 0.0484375
20 0.5140625 0.66953125 0.07109375 0.06015625
20 0.59609375 0.6703125 0.07578125 0.06015625
20 0.0671875 0.071875 0.0640625 0.1078125
20 0.1859375 0.67578125 0.08046875 0.06875
20 0.0984375 0.678125 0.0828125 0.06484375