20 0.39921875 0.884375 0.06484375 0.0921875
20 0.54296875 0.8859375 0.0625 0.0921875
20 0.6875 0.88671875 0.06953125 0.0921875
20 0.76328125 0.88671875 0.07421875 0.09375
20 0.61640625 0.88671875 0.0609375 0.09375
20 0.46875 0.88828125 0.06640625 0.09765625
20 0.1859375 0.4484375 0.08515625 0.10234375
20 0.85078125 0.4546875 0.08046875 0.10078125
20 0.275 0.45703125 0.08046875 0.0875
20 0.365625 0.4578125 0.0796875 0.0875
20 0.765625 0.4625 0.07109375 0.08046875
20 0.5046875 0.46484375 0.07421875 0.0765625
20 0.43515625 0.4703125 0.05078125 0.0640625
20 0.6828125 0.4703125 0.0765625 0.07109375
20 0.5953125 0.4703125 0.08203125 0.0734375
20 0.28984375 0.59140625 0.04296875 0.06015625
20 0.3921875 0.5953125 0.04296875 0.0578125
20 0.4390625 0.5953125 0.0421875 0.05625
20 0.34140625 0.5921875 0.04296875 0.05859375
20 0.2390625 0.6265625 0.0375 0.0375
20 0.15 0.63203125 0.0453125 0.03828125
20 0.19453125 0.6296875 0.03984375 0.03984375
20 0.62109375 0.65234375 0.06875 0.103125
20 0.69453125 0.6546875 0.071875 0.103125
20 0.85546875 0.6546875 0.06640625 0.10703125
20 0.775 0.65625 0.06953125 0.1046875
20 0.48828125 0.66328125 0.05625 0.08046875
20 0.55390625 0.66328125 0.06015625 0.08515625
20 0.32421875 0.67421875 0.0484375 0.0640625
20 0.43046875 0.671875 0.04296875 0.0609375
20 0.37890625 0.6734375 0.04921875 0.0625
20 0.2703125 0.67421875 0.04296875 0.0625
20 0.13203125 0.68515625 0.04453125 0.03984375
20 0.18046875 0.68359375 0.04296875 0.03828125
20 0.225 0.68359375 0.04296875 0.03828125