20 0.19375 0.51796875 0.0796875 0.0625
20 0.109375 0.5203125 0.0734375 0.0640625
20 0.5484375 0.5203125 0.071875 0.06484375
20 0.63203125 0.5203125 0.0765625 0.06484375
20 0.4671875 0.5203125 0.07109375 0.06484375
20 0.26796875 0.5265625 0.05546875 0.04921875
20 0.33046875 0.52734375 0.05390625 0.04921875
20 0.3953125 0.52734375 0.05546875 0.0484375
20 0.7046875 0.5296875 0.0515625 0.0484375
20 0.765625 0.53125 0.05390625 0.05078125
20 0.82421875 0.540625 0.0515625 0.0296875
20 0.88203125 0.540625 0.05078125 0.02734375
20 0.93984375 0.540625 0.0484375 0.02734375
20 0.5578125 0.63203125 0.09375 0.06953125
20 0.65859375 0.63359375 0.0890625 0.06953125
20 0.45703125 0.6359375 0.09609375 0.0578125
20 0.15390625 0.6359375 0.0875 0.05625
20 0.25859375 0.6390625 0.08515625 0.05390625
20 0.35703125 0.640625 0.08984375 0.053125