20 0.9171875 0.625 0.07421875 0.0609375
20 0.7609375 0.6265625 0.07421875 0.06015625
20 0.8375 0.6265625 0.0734375 0.0609375
20 0.6859375 0.6265625 0.06953125 0.0640625
20 0.61875 0.634375 0.05390625 0.0453125
20 0.3125 0.6359375 0.0484375 0.0453125
20 0.4359375 0.634375 0.05390625 0.04453125
20 0.4953125 0.6359375 0.0515625 0.0453125
20 0.37265625 0.6359375 0.05390625 0.0453125
20 0.5578125 0.634375 0.05546875 0.0453125
20 0.10703125 0.64453125 0.05078125 0.0265625
20 0.15859375 0.64453125 0.0453125 0.0265625
20 0.2078125 0.64453125 0.0453125 0.02734375
20 0.25703125 0.64453125 0.0453125 0.02734375