20 0.80078125 0.665625 0.0421875 0.05078125
20 0.85546875 0.66484375 0.0484375 0.046875
20 0.1203125 0.07109375 0.06640625 0.084375
20 0.2640625 0.0734375 0.06484375 0.08046875
20 0.18984375 0.07421875 0.06875 0.08046875
20 0.334375 0.0765625 0.0640625 0.08046875
20 0.540625 0.078125 0.06640625 0.078125
20 0.68359375 0.078125 0.06484375 0.0765625
20 0.82578125 0.078125 0.06875 0.0796875
20 0.4703125 0.078125 0.0671875 0.078125
20 0.7546875 0.0796875 0.06953125 0.0765625
20 0.4015625 0.0796875 0.06640625 0.08046875
20 0.6140625 0.08046875 0.0625 0.06953125
20 0.89765625 0.08046875 0.06640625 0.0796875
20 0.66015625 0.93359375 0.05859375 0.0640625
20 0.73203125 0.93515625 0.0609375 0.06015625
20 0.79453125 0.93515625 0.0578125 0.05625
20 0.85703125 0.94453125 0.05859375 0.05390625
20 0.8609375 0.36875 0.06484375 0.04453125
20 0.45078125 0.4 0.05859375 0.0765625
20 0.515625 0.4046875 0.06484375 0.07109375
20 0.79453125 0.40625 0.0640625 0.07109375
20 0.725 0.4078125 0.06640625 0.06484375
20 0.5828125 0.4078125 0.06484375 0.06875
20 0.65 0.40859375 0.0640625 0.06640625
20 0.865625 0.4171875 0.0625 0.05390625
20 0.18515625 0.51171875 0.04453125 0.0625
20 0.13671875 0.51328125 0.04296875 0.0640625
20 0.23828125 0.5140625 0.046875 0.0625
20 0.28125 0.521875 0.03125 0.0484375
20 0.35234375 0.525 0.02890625 0.046875
20 0.31953125 0.52421875 0.0296875 0.0484375
20 0.39296875 0.525 0.0359375 0.0484375
20 0.43125 0.5265625 0.0328125 0.0484375
20 0.4734375 0.52734375 0.03359375 0.0484375
20 0.5921875 0.52890625 0.0359375 0.04296875
20 0.51328125 0.52890625 0.03359375 0.046875
20 0.5515625 0.52890625 0.03359375 0.0453125
20 0.6359375 0.5296875 0.03359375 0.0453125
20 0.6734375 0.5296875 0.03515625 0.04921875
20 0.7078125 0.53828125 0.03125 0.03125
20 0.7453125 0.5421875 0.0328125 0.0328125
20 0.78515625 0.5421875 0.03359375 0.03359375
20 0.81875 0.54453125 0.0296875 0.0296875