20 0.740625 0.171875 0.03359375 0.03515625
20 0.15390625 0.18125 0.06875 0.08203125
20 0.2234375 0.18359375 0.0671875 0.0765625
20 0.3609375 0.18359375 0.06640625 0.07578125
20 0.29296875 0.18359375 0.06640625 0.07421875
20 0.43125 0.18515625 0.06875 0.07421875
20 0.49609375 0.1890625 0.0484375 0.06875
20 0.546875 0.1890625 0.046875 0.06875
20 0.6859375 0.1921875 0.053125 0.0640625
20 0.59375 0.19609375 0.0328125 0.0515625
20 0.63671875 0.19609375 0.03515625 0.0515625
20 0.73828125 0.20703125 0.03359375 0.0296875
20 0.7703125 0.28515625 0.053125 0.053125
20 0.15625 0.31640625 0.0328125 0.05546875
20 0.19453125 0.3171875 0.0328125 0.05546875
20 0.234375 0.3171875 0.0328125 0.05546875
20 0.26953125 0.3171875 0.0296875 0.05546875
20 0.77421875 0.33984375 0.05859375 0.040625
20 0.77265625 0.4015625 0.05546875 0.0484375
20 0.31875 0.42421875 0.06640625 0.0796875
20 0.2515625 0.42578125 0.06640625 0.07578125
20 0.1765625 0.42578125 0.06640625 0.0765625
20 0.3859375 0.4265625 0.0640625 0.06953125
20 0.44921875 0.43046875 0.05859375 0.0609375
20 0.5453125 0.4390625 0.03515625 0.0484375
20 0.5046875 0.4390625 0.03515625 0.04921875
20 0.77265625 0.4578125 0.053125 0.0484375
20 0.77421875 0.51796875 0.0484375 0.05390625
20 0.771875 0.603125 0.05078125 0.053125