20 0.15390625 0.109375 0.07421875 0.1390625
20 0.23046875 0.11328125 0.071875 0.134375
20 0.68984375 0.134375 0.09375 0.11328125
20 0.5296875 0.13671875 0.071875 0.1046875
20 0.603125 0.1390625 0.0765625 0.1
20 0.78515625 0.14296875 0.09140625 0.10234375
20 0.4484375 0.30390625 0.03984375 0.06640625
20 0.49296875 0.30546875 0.03984375 0.06875
20 0.271875 0.35703125 0.053125 0.10234375
20 0.33203125 0.3578125 0.05546875 0.1
20 0.4390625 0.3765625 0.0453125 0.07109375
20 0.490625 0.37890625 0.0421875 0.06953125
20 0.5890625 0.3796875 0.053125 0.06640625
20 0.6453125 0.38125 0.05078125 0.06875
20 0.703125 0.38203125 0.05078125 0.06484375
20 0.75234375 0.39453125 0.04296875 0.03984375
20 0.4078125 0.55625 0.03828125 0.0890625
20 0.44921875 0.55859375 0.03828125 0.09375
20 0.49296875 0.55859375 0.03984375 0.09375
20 0.25234375 0.56953125 0.0765625 0.07578125
20 0.3421875 0.56953125 0.07421875 0.07421875
20 0.165625 0.56875 0.08046875 0.07109375