20 0.89296875 0.353125 0.0296875 0.02734375
20 0.853125 0.3546875 0.0328125 0.02890625
20 0.81875 0.3546875 0.02734375 0.02734375
20 0.78984375 0.38125 0.040625 0.053125
20 0.7390625 0.38203125 0.03828125 0.05078125
20 0.921875 0.38828125 0.0359375 0.03515625
20 0.8765625 0.38828125 0.03515625 0.03359375
20 0.834375 0.3890625 0.03359375 0.03359375
20 0.8734375 0.47109375 0.05078125 0.0453125
20 0.93359375 0.47109375 0.05078125 0.04296875
20 0.8078125 0.47109375 0.05390625 0.04453125
20 0.75 0.47265625 0.053125 0.04453125
20 0.68984375 0.47265625 0.04921875 0.04296875
20 0.62734375 0.47265625 0.04921875 0.04296875
20 0.57109375 0.4734375 0.04921875 0.04296875
20 0.4484375 0.4734375 0.05546875 0.04453125
20 0.50703125 0.4734375 0.04921875 0.04296875
20 0.57109375 0.5453125 0.071875 0.053125
20 0.7203125 0.5453125 0.07109375 0.04921875
20 0.6453125 0.5484375 0.0734375 0.0484375
20 0.7921875 0.5515625 0.06484375 0.0375
20 0.91796875 0.5515625 0.0578125 0.03515625
20 0.8546875 0.5515625 0.06015625 0.0375
20 0.89765625 0.61796875 0.06640625 0.04921875
20 0.75703125 0.615625 0.06875 0.05390625
20 0.8265625 0.615625 0.06484375 0.0515625
20 0.61328125 0.61640625 0.0671875 0.053125
20 0.68515625 0.61640625 0.07109375 0.053125