20 0.2078125 0.08984375 0.0375 0.0875
20 0.13671875 0.2515625 0.071875 0.115625
20 0.90859375 0.2515625 0.0609375 0.1296875
20 0.22109375 0.25234375 0.06953125 0.103125
20 0.05546875 0.25234375 0.071875 0.1078125
20 0.53828125 0.25390625 0.07421875 0.12109375
20 0.61171875 0.25859375 0.06015625 0.10703125
20 0.68125 0.259375 0.053125 0.10546875
20 0.28984375 0.2640625 0.04453125 0.08046875
20 0.7359375 0.275 0.0421875 0.08515625
20 0.78359375 0.27265625 0.040625 0.0828125
20 0.834375 0.28828125 0.0453125 0.05078125