20 0.74765625 0.1390625 0.05078125 0.071875
20 0.8078125 0.140625 0.05390625 0.06875
20 0.68046875 0.14453125 0.0671875 0.0640625
20 0.8609375 0.14453125 0.053125 0.0625
20 0.70546875 0.271875 0.03828125 0.0828125
20 0.6609375 0.275 0.03828125 0.08515625
20 0.9359375 0.28515625 0.0296875 0.0625
20 0.84609375 0.28515625 0.0359375 0.0625
20 0.8890625 0.2875 0.03515625 0.0625
20 0.7046875 0.3953125 0.03515625 0.0296875
20 0.74765625 0.396875 0.03984375 0.03125
20 0.6671875 0.39765625 0.03359375 0.02734375
20 0.1265625 0.40625 0.06484375 0.0984375
20 0.19609375 0.4078125 0.06484375 0.10078125
20 0.0578125 0.4078125 0.06640625 0.10078125
20 0.490625 0.415625 0.053125 0.0734375
20 0.43359375 0.4171875 0.0515625 0.0765625
20 0.3765625 0.4171875 0.053125 0.0765625
20 0.31953125 0.4171875 0.053125 0.07578125
20 0.26171875 0.4171875 0.05390625 0.0765625
20 0.63359375 0.42421875 0.04453125 0.05625
20 0.540625 0.42578125 0.046875 0.05625
20 0.5875 0.4265625 0.04453125 0.0578125
20 0.75703125 0.4328125 0.03828125 0.03359375
20 0.67421875 0.4328125 0.03984375 0.03515625
20 0.71640625 0.43359375 0.03984375 0.0359375
20 0.66015625 0.51796875 0.05078125 0.071875
20 0.3078125 0.51796875 0.0765625 0.0734375
20 0.23203125 0.51953125 0.06875 0.07421875
20 0.7171875 0.51953125 0.0515625 0.06953125
20 0.60546875 0.51953125 0.0484375 0.071875
20 0.15390625 0.5203125 0.0796875 0.07578125
20 0.76953125 0.525 0.0421875 0.05625
20 0.0734375 0.525 0.07421875 0.07109375
20 0.86796875 0.525 0.03984375 0.0578125
20 0.91484375 0.525 0.040625 0.05625
20 0.37734375 0.5265625 0.05390625 0.0625
20 0.81640625 0.5265625 0.040625 0.05546875
20 0.43359375 0.52734375 0.05390625 0.0578125