20 0.57578125 0.49765625 0.0734375 0.0921875
20 0.38125 0.49765625 0.06640625 0.0921875
20 0.446875 0.50625 0.053125 0.0796875
20 0.6546875 0.50625 0.06875 0.0734375
20 0.7296875 0.50625 0.06484375 0.071875
20 0.271875 0.50625 0.046875 0.0796875
20 0.3234375 0.50625 0.0421875 0.078125
20 0.859375 0.51328125 0.05078125 0.05546875
20 0.7984375 0.51328125 0.053125 0.05546875
20 0.50625 0.515625 0.05078125 0.05546875
20 0.9171875 0.52265625 0.053125 0.0359375
20 0.61640625 0.64765625 0.0734375 0.09609375
20 0.7015625 0.64765625 0.0796875 0.09609375
20 0.34140625 0.65625 0.08984375 0.0890625
20 0.78359375 0.6578125 0.06953125 0.07421875
20 0.23828125 0.6578125 0.1 0.08515625
20 0.13359375 0.6625 0.09765625 0.078125
20 0.85078125 0.665625 0.05390625 0.05546875
20 0.9109375 0.665625 0.053125 0.05546875
20 0.5296875 0.6671875 0.0828125 0.06015625
20 0.4390625 0.6671875 0.08984375 0.0625