20 0.24140625 0.14765625 0.05078125 0.09140625
20 0.178125 0.15 0.053125 0.09140625
20 0.40859375 0.15 0.046875 0.0765625
20 0.115625 0.15234375 0.0578125 0.09140625
20 0.30390625 0.15234375 0.0453125 0.0765625
20 0.35546875 0.15234375 0.0453125 0.078125
20 0.68359375 0.15234375 0.04296875 0.05546875
20 0.734375 0.15390625 0.040625 0.05546875
20 0.046875 0.15625 0.053125 0.09140625
20 0.6234375 0.15625 0.04296875 0.05546875
20 0.14765625 0.30859375 0.0671875 0.0875
20 0.22109375 0.31015625 0.05859375 0.09140625
20 0.41015625 0.3171875 0.05625 0.06875
20 0.34765625 0.3171875 0.05078125 0.06953125
20 0.28515625 0.31875 0.05546875 0.07109375
20 0.7546875 0.32109375 0.0828125 0.0609375
20 0.9484375 0.32109375 0.084375 0.0609375
20 0.853125 0.32109375 0.08046875 0.06015625
20 0.5765625 0.32421875 0.04296875 0.05546875
20 0.46875 0.32578125 0.04453125 0.053125
20 0.521875 0.3265625 0.046875 0.053125
20 0.67578125 0.334375 0.0453125 0.03125
20 0.62734375 0.33515625 0.0421875 0.0328125
20 0.40390625 0.4390625 0.07109375 0.0796875
20 0.484375 0.44140625 0.08203125 0.0765625
20 0.07109375 0.44609375 0.05546875 0.0578125
20 0.203125 0.44609375 0.06640625 0.06015625
20 0.271875 0.4484375 0.06015625 0.05859375
20 0.3375 0.4484375 0.0609375 0.05625
20 0.13828125 0.44921875 0.0625 0.05546875
20 0.71875 0.4546875 0.04296875 0.053125
20 0.66484375 0.4546875 0.0453125 0.05390625
20 0.55625 0.45546875 0.04453125 0.0484375
20 0.61171875 0.45546875 0.04453125 0.05078125
20 0.77421875 0.45703125 0.0484375 0.05625
20 0.83203125 0.45703125 0.04453125 0.05625
20 0.95078125 0.45703125 0.0453125 0.05625
20 0.88828125 0.45703125 0.0484375 0.05546875