25 0.7203125 0.74765625 0.47734375 0.09609375
25 0.72734375 0.678125 0.478125 0.10078125
25 0.74609375 0.58515625 0.49296875 0.13125
25 0.77734375 0.50234375 0.3703125 0.08515625
25 0.23046875 0.71640625 0.4609375 0.0984375
25 0.2359375 0.63359375 0.47109375 0.13125
25 0.75234375 0.3109375 0.3921875 0.071875
25 0.75859375 0.26328125 0.3921875 0.071875
25 0.7546875 0.22109375 0.3890625 0.0671875
25 0.7515625 0.18125 0.3890625 0.0671875
25 0.37734375 0.24296875 0.38203125 0.07421875
25 0.4 0.18125 0.3296875 0.0625