25 0.62734375 0.78828125 0.13125 0.053125
25 0.60703125 0.8328125 0.1390625 0.0578125
25 0.59765625 0.88125 0.1703125 0.0796875
25 0.3953125 0.91953125 0.18515625 0.078125
25 0.24296875 0.92421875 0.16015625 0.0828125
25 0.21484375 0.86640625 0.14921875 0.06953125
25 0.41328125 0.865625 0.11328125 0.053125
25 0.40390625 0.8265625 0.09140625 0.046875
25 0.21640625 0.975 0.05390625 0.040625
25 0.88125 0.74609375 0.08984375 0.04296875
25 0.97265625 0.75390625 0.053125 0.04296875
25 0.975 0.72578125 0.04921875 0.0296875
25 0.62890625 0.6703125 0.19375 0.06484375
25 0.615625 0.6359375 0.18984375 0.06015625
25 0.6046875 0.60546875 0.1875 0.06015625
25 0.74609375 0.603125 0.12734375 0.05390625
25 0.7296875 0.57421875 0.125 0.053125
25 0.24140625 0.58984375 0.26328125 0.09375