25 0.6 0.8125 0.3296875 0.09375
25 0.61328125 0.76328125 0.3140625 0.0828125
25 0.646875 0.7125 0.3390625 0.09609375
25 0.6765625 0.6578125 0.2359375 0.07578125
25 0.27421875 0.765625 0.328125 0.09140625
25 0.28828125 0.71171875 0.3453125 0.09609375
25 0.2640625 0.1 0.26328125 0.0984375
25 0.25625 0.1609375 0.2296875 0.0734375
25 0.4578125 0.4109375 0.28828125 0.078125
25 0.47265625 0.3796875 0.27890625 0.06875
25 0.48671875 0.34609375 0.2703125 0.0671875
25 0.75 0.37734375 0.27734375 0.07109375
25 0.73828125 0.41484375 0.27734375 0.07109375
25 0.72734375 0.453125 0.2796875 0.07421875
25 0.7078125 0.49375 0.28515625 0.07578125
25 0.709375 0.5328125 0.30390625 0.06953125
25 0.19453125 0.35703125 0.2921875 0.08984375