25 0.68046875 0.80546875 0.353125 0.0890625
25 0.6890625 0.75 0.3375 0.078125
25 0.7171875 0.69453125 0.3640625 0.09140625
25 0.74296875 0.634375 0.25234375 0.07421875
25 0.321875 0.76796875 0.35234375 0.08515625
25 0.33046875 0.709375 0.3703125 0.09140625
25 0.23203125 0.0484375 0.2609375 0.09609375
25 0.22109375 0.1140625 0.2453125 0.07109375
25 0.4734375 0.3765625 0.31015625 0.0734375
25 0.484375 0.34140625 0.3015625 0.0640625
25 0.49609375 0.30546875 0.29296875 0.0625
25 0.78515625 0.328125 0.29921875 0.06640625
25 0.77734375 0.36875 0.29921875 0.06640625
25 0.7703125 0.4109375 0.3015625 0.06953125
25 0.7546875 0.45546875 0.30625 0.07109375
25 0.76171875 0.49609375 0.328125 0.0640625
25 0.18515625 0.3296875 0.30390625 0.0875