25 0.8015625 0.7234375 0.2015625 0.07421875
25 0.77890625 0.68515625 0.196875 0.06484375
25 0.615625 0.7015625 0.1609375 0.05625
25 0.4 0.75 0.11328125 0.04296875
25 0.50703125 0.74140625 0.11640625 0.046875
25 0.48828125 0.7125 0.12265625 0.046875
25 0.38671875 0.72265625 0.109375 0.040625
25 0.478125 0.634375 0.14296875 0.046875
25 0.4546875 0.6078125 0.12734375 0.046875
25 0.36640625 0.6546875 0.115625 0.0421875
25 0.35546875 0.6296875 0.11328125 0.03984375
25 0.44921875 0.66796875 0.13828125 0.0453125
25 0.59765625 0.6140625 0.1453125 0.0515625
25 0.5734375 0.584375 0.1578125 0.05625
25 0.734375 0.5875 0.1875 0.0609375
25 0.71640625 0.553125 0.1875 0.0640625
25 0.76953125 0.6234375 0.1515625 0.05078125
25 0.88203125 0.60546875 0.103125 0.0421875
25 0.55859375 0.52734375 0.1734375 0.0640625
25 0.446875 0.55546875 0.11171875 0.05078125
25 0.3453125 0.58203125 0.1265625 0.0484375
25 0.3234375 0.55546875 0.11875 0.046875
25 0.4203125 0.53125 0.11875 0.046875
25 0.665625 0.35703125 0.11171875 0.053125
25 0.60546875 0.384375 0.11171875 0.053125
25 0.75390625 0.35234375 0.11171875 0.053125
25 0.55390625 0.4171875 0.12109375 0.0734375
25 0.43125 0.36171875 0.125 0.0828125
25 0.5328125 0.30390625 0.1265625 0.0734375
25 0.4953125 0.3265625 0.1265625 0.0734375
25 0.61875 0.25703125 0.1359375 0.07578125
25 0.3234375 0.40625 0.11171875 0.071875
25 0.303125 0.20078125 0.1234375 0.07421875
25 0.36171875 0.15234375 0.1296875 0.0890625
25 0.46875 0.0765625 0.1296875 0.0890625
25 0.16953125 0.28828125 0.06640625 0.06640625
25 0.20078125 0.28125 0.06640625 0.06640625
25 0.52265625 0.5 0.14296875 0.0578125
25 0.68515625 0.49296875 0.203125 0.06953125
25 0.6609375 0.459375 0.20078125 0.06640625