25 0.3234375 0.759375 0.646875 0.3328125
25 0.3296875 0.571875 0.65859375 0.2234375
25 0.3578125 0.4359375 0.70078125 0.2546875
25 0.4234375 0.30625 0.6078125 0.2140625
25 0.82890625 0.48515625 0.3421875 0.1796875
25 0.84609375 0.36796875 0.30546875 0.1546875
25 0.51171875 0.2140625 0.49140625 0.15625
25 0.178125 0.1625 0.2015625 0.11328125
25 0.74296875 0.86328125 0.37890625 0.271875
25 0.8015625 0.5953125 0.3765625 0.1546875
25 0.77734375 0.7078125 0.359375 0.14453125
25 0.0828125 0.265625 0.09140625 0.146875