25 0.3609375 0.97265625 0.2671875 0.05390625
25 0.73671875 0.94921875 0.2453125 0.0640625
25 0.73671875 0.98046875 0.3484375 0.03359375
25 0.97578125 0.96015625 0.046875 0.0296875
25 0.87890625 0.7671875 0.240625 0.05625
25 0.88828125 0.72109375 0.22109375 0.05625
25 0.928125 0.6671875 0.1421875 0.0625
25 0.92421875 0.6203125 0.15 0.05546875
25 0.1390625 0.33046875 0.27734375 0.07109375
25 0.14296875 0.3796875 0.2859375 0.08203125
25 0.1390625 0.4453125 0.278125 0.075
25 0.13671875 0.5 0.2609375 0.05390625
25 0.14296875 0.53515625 0.27265625 0.05078125
25 0.39765625 0.5265625 0.2359375 0.05390625
25 0.421875 0.35234375 0.2671875 0.084375
25 0.40625 0.4171875 0.25625 0.06875
25 0.3953125 0.4640625 0.24296875 0.04921875
25 0.38828125 0.49296875 0.234375 0.04921875
25 0.6671875 0.51171875 0.2453125 0.05390625
25 0.66015625 0.47578125 0.24140625 0.0484375
25 0.6578125 0.44609375 0.24375 0.05546875
25 0.6765625 0.396875 0.25703125 0.0765625
25 0.6703125 0.35 0.2546875 0.0625
25 0.88125 0.3640625 0.20078125 0.0734375
25 0.8171875 0.2515625 0.1421875 0.10078125
25 0.90390625 0.2515625 0.11796875 0.09765625