25 0.8390625 0.07109375 0.29296875 0.140625
25 0.8421875 0.17578125 0.29453125 0.16796875
25 0.58984375 0.22734375 0.23046875 0.146875
25 0.58671875 0.1046875 0.2234375 0.16015625
25 0.3859375 0.26328125 0.196875 0.13828125
25 0.2140625 0.20078125 0.1515625 0.12109375
25 0.2125 0.3015625 0.1546875 0.12265625
25 0.07109375 0.240625 0.1421875 0.115625
25 0.071875 0.32734375 0.14375 0.1015625
25 0.240625 0.54296875 0.1703125 0.10703125
25 0.0890625 0.5484375 0.140625 0.103125
25 0.0953125 0.634375 0.140625 0.103125
25 0.24375 0.63203125 0.15390625 0.115625
25 0.15625 0.45703125 0.15390625 0.1046875
25 0.41328125 0.52890625 0.17421875 0.11875
25 0.40625 0.63125 0.18125 0.13671875
25 0.60546875 0.521875 0.228125 0.16015625
25 0.6078125 0.63125 0.22578125 0.14765625
25 0.8546875 0.5015625 0.28125 0.1765625
25 0.86171875 0.63359375 0.275 0.18125
25 0.8296875 0.37109375 0.20078125 0.1265625
25 0.64765625 0.396875 0.1703125 0.115625
25 0.490625 0.41015625 0.14765625 0.09765625
25 0.609375 0.8328125 0.22734375 0.18125
25 0.859375 0.85234375 0.27421875 0.19921875
25 0.61171875 0.9390625 0.2078125 0.11875
25 0.40625 0.915625 0.19140625 0.1609375
25 0.41953125 0.80078125 0.18984375 0.14296875
25 0.2671875 0.7859375 0.15859375 0.125
25 0.2515625 0.88359375 0.15859375 0.125
25 0.11328125 0.78515625 0.15859375 0.125
25 0.10703125 0.88125 0.14765625 0.12109375