25 0.2546875 0.703125 0.19609375 0.0625
25 0.08203125 0.69453125 0.16328125 0.06484375
25 0.2703125 0.66484375 0.196875 0.0578125
25 0.09375 0.6546875 0.16796875 0.05546875
25 0.69921875 0.72109375 0.12734375 0.04453125
25 0.5734375 0.7125 0.13359375 0.0453125
25 0.44140625 0.678125 0.16328125 0.053125
25 0.70703125 0.69140625 0.1265625 0.03984375
25 0.584375 0.68359375 0.134375 0.0421875
25 0.7171875 0.62109375 0.11640625 0.040625
25 0.55625 0.63125 0.11640625 0.03515625
25 0.44140625 0.6203125 0.1296875 0.03828125
25 0.48046875 0.5609375 0.1609375 0.05078125
25 0.6203125 0.58046875 0.1453125 0.04453125
25 0.5953125 0.6078125 0.15 0.04453125
25 0.73046875 0.59609375 0.11875 0.03828125
25 0.45546875 0.58984375 0.1546875 0.04296875
25 0.2984375 0.571875 0.2046875 0.053125
25 0.31640625 0.53828125 0.1984375 0.05390625
25 0.1296875 0.553125 0.16328125 0.053125
25 0.15 0.5171875 0.165625 0.05546875
25 0.1890625 0.59609375 0.11328125 0.0421875
25 0.08671875 0.58671875 0.09765625 0.040625
25 0.3109375 0.61171875 0.1515625 0.0453125
25 0.4828125 0.5046875 0.16953125 0.05546875
25 0.3125 0.47578125 0.2078125 0.05859375
25 0.3421875 0.44609375 0.19140625 0.0515625
25 0.4984375 0.47109375 0.18359375 0.05390625
25 0.19453125 0.41015625 0.1671875 0.05859375
25 0.1734375 0.4515625 0.1578125 0.05390625
25 0.67890625 0.4328125 0.08046875 0.0375
25 0.615625 0.41796875 0.0828125 0.040625
25 0.54921875 0.4125 0.0890625 0.06484375
25 0.709375 0.459375 0.0890625 0.03515625
25 0.775 0.4734375 0.0796875 0.03359375
25 0.79296875 0.3765625 0.08671875 0.0453125
25 0.72734375 0.36328125 0.08671875 0.0453125
25 0.68359375 0.34375 0.0875 0.05078125
25 0.6046875 0.3234375 0.1140625 0.0671875
25 0.52890625 0.30546875 0.0875 0.06484375
25 0.45546875 0.30625 0.11875 0.06015625
25 0.46875 0.2640625 0.109375 0.0453125
25 0.3734375 0.24609375 0.109375 0.0453125
25 0.271875 0.24765625 0.1265625 0.06953125
25 0.359375 0.28359375 0.11328125 0.05625
25 0.6421875 0.14453125 0.11875 0.06015625
25 0.5484375 0.08515625 0.14453125 0.08984375
25 0.75625 0.19375 0.11875 0.06015625
25 0.72109375 0.15 0.0828125 0.05625
25 0.81484375 0.3109375 0.06953125 0.05546875
25 0.7640625 0.290625 0.084375 0.05625
25 0.70703125 0.2703125 0.084375 0.05625
25 0.64765625 0.24765625 0.084375 0.05625
25 0.5796875 0.22265625 0.0890625 0.06484375
25 0.50859375 0.196875 0.09609375 0.06640625
25 0.43125 0.1671875 0.10078125 0.06640625
25 0.3484375 0.1296875 0.12890625 0.07421875
25 0.63125 0.5296875 0.15390625 0.0484375
25 0.63828125 0.5 0.14296875 0.046875
25 0.75703125 0.54921875 0.12734375 0.04453125
25 0.76171875 0.521875 0.12265625 0.03984375