25 0.38125 0.94609375 0.44375 0.10546875
25 0.7953125 0.959375 0.3890625 0.08046875
25 0.41015625 0.83515625 0.4109375 0.0890625
25 0.80078125 0.8546875 0.38203125 0.07578125
25 0.8015625 0.9015625 0.37734375 0.0421875
25 0.08984375 0.94140625 0.1796875 0.1046875
25 0.109375 0.84765625 0.21875 0.103125
25 0.55625 0.240625 0.07421875 0.134375
25 0.6296875 0.21640625 0.08046875 0.178125
25 0.8796875 0.240625 0.05859375 0.12890625
25 0.8234375 0.24375 0.06484375 0.1421875
25 0.76328125 0.23828125 0.06484375 0.1265625
25 0.696875 0.234375 0.06875 0.15
25 0.05859375 0.203125 0.0875 0.16484375