20 0.98203125 0.290625 0.03515625 0.02734375
20 0.9375 0.2921875 0.0421875 0.0265625
20 0.15625 0.296875 0.07578125 0.06640625
20 0.06640625 0.296875 0.078125 0.06484375
20 0.2484375 0.296875 0.08046875 0.06640625
20 0.6859375 0.303125 0.06015625 0.05625
20 0.61875 0.30390625 0.0515625 0.0578125
20 0.7640625 0.31015625 0.071875 0.04921875
20 0.83203125 0.3125 0.0484375 0.0453125
20 0.88671875 0.3125 0.0421875 0.04296875
20 0.9375 0.32109375 0.04296875 0.02734375
20 0.98046875 0.32109375 0.0359375 0.02890625
20 0.16953125 0.36796875 0.071875 0.0359375
20 0.0875 0.36796875 0.07109375 0.0375
20 0.34140625 0.3703125 0.07421875 0.03828125
20 0.4265625 0.37109375 0.07421875 0.040625
20 0.1734375 0.41796875 0.078125 0.05625
20 0.2609375 0.41796875 0.07421875 0.05859375
20 0.0890625 0.41953125 0.071875 0.05625
20 0.3421875 0.421875 0.0734375 0.053125
20 0.43125 0.4234375 0.07578125 0.053125
20 0.8140625 0.4234375 0.05390625 0.05546875
20 0.51328125 0.4265625 0.06640625 0.04296875
20 0.8765625 0.43046875 0.0421875 0.03984375
20 0.928125 0.43046875 0.040625 0.040625
20 0.9796875 0.43125 0.03828125 0.040625
20 0.69140625 0.10546875 0.03984375 0.04921875
20 0.640625 0.10546875 0.0421875 0.04921875
20 0.74140625 0.10546875 0.040625 0.04921875
20 0.0484375 0.13671875 0.06875 0.08515625
20 0.1203125 0.13671875 0.06015625 0.084375
20 0.19375 0.13828125 0.06015625 0.08515625
20 0.2671875 0.13828125 0.06015625 0.08515625
20 0.3390625 0.1390625 0.06015625 0.08515625
20 0.4109375 0.140625 0.05859375 0.0875
20 0.47578125 0.146875 0.0453125 0.07109375
20 0.5296875 0.14765625 0.0484375 0.07109375
20 0.5875 0.14921875 0.0484375 0.07109375
20 0.7390625 0.1578125 0.0421875 0.05078125
20 0.6890625 0.15859375 0.03984375 0.05078125
20 0.640625 0.15859375 0.0421875 0.0515625
20 0.23203125 0.23828125 0.0796875 0.0421875
20 0.0640625 0.24140625 0.07109375 0.0296875
20 0.15 0.24375 0.06953125 0.03125
20 0.6203125 0.24375 0.04921875 0.05546875
20 0.6828125 0.2453125 0.0515625 0.05546875