6 0.90625 0.78359375 0.09140625 0.0671875
6 0.81953125 0.7875 0.08203125 0.0796875
6 0.5609375 0.78828125 0.06484375 0.071875
6 0.7390625 0.796875 0.0796875 0.071875
6 0.64921875 0.8015625 0.08671875 0.0796875
6 0.4796875 0.80546875 0.0890625 0.0671875
6 0.28828125 0.83046875 0.10078125 0.07421875
6 0.1875 0.8484375 0.10546875 0.08671875
6 0.08046875 0.85234375 0.10078125 0.0796875
6 0.890625 0.14921875 0.08203125 0.0671875
6 0.96640625 0.15390625 0.0671875 0.0671875
6 0.725 0.15625 0.0984375 0.071875
6 0.80625 0.15625 0.0796875 0.0671875
6 0.63359375 0.1609375 0.0984375 0.0671875
6 0.4484375 0.1703125 0.0890625 0.06484375
6 0.5375 0.171875 0.084375 0.0453125
6 0.228125 0.1734375 0.09140625 0.06953125
6 0.35703125 0.17890625 0.09375 0.0796875
6 0.1265625 0.1828125 0.1078125 0.08671875
6 0.03359375 0.0359375 0.0671875 0.071875
6 0.62265625 0.03515625 0.1109375 0.06484375
6 0.65390625 0.34609375 0.0625 0.0765625
6 0.490625 0.35703125 0.08203125 0.0796875
6 0.12265625 0.0359375 0.08671875 0.071875
6 0.1984375 0.0359375 0.05546875 0.071875
6 0.5796875 0.359375 0.08671875 0.0796875
6 0.3921875 0.365625 0.09609375 0.09140625
6 0.26328125 0.36796875 0.11796875 0.08203125
6 0.0578125 0.3765625 0.08671875 0.07421875
6 0.1546875 0.3796875 0.08203125 0.08671875
6 0.71171875 0.0421875 0.09609375 0.06953125
6 0.9578125 0.46484375 0.0796875 0.084375
6 0.84375 0.4671875 0.0765625 0.0796875
6 0.759375 0.47578125 0.10078125 0.08203125
6 0.66484375 0.4828125 0.08203125 0.071875
6 0.49765625 0.49140625 0.09140625 0.0765625
6 0.4015625 0.49375 0.10078125 0.0671875
6 0.27421875 0.5140625 0.10546875 0.08203125
6 0.171875 0.515625 0.09140625 0.0890625
6 0.05625 0.521875 0.09375 0.09140625
6 0.7296875 0.6671875 0.09375 0.06484375
6 0.47265625 0.6765625 0.0890625 0.07421875
6 0.63828125 0.678125 0.0890625 0.07421875
6 0.384375 0.68125 0.0796875 0.0671875
6 0.2828125 0.70546875 0.084375 0.084375
6 0.1734375 0.71171875 0.09609375 0.0765625
6 0.0734375 0.72109375 0.0765625 0.0765625