6 0.521875 0.64921875 0.0671875 0.03359375
6 0.58515625 0.64921875 0.06015625 0.03828125
6 0.6515625 0.65 0.0625 0.0359375
6 0.71484375 0.65390625 0.06015625 0.03828125
6 0.40234375 0.66015625 0.06484375 0.0359375
6 0.79296875 0.665625 0.06953125 0.04296875
6 0.0890625 0.6703125 0.08203125 0.03828125
6 0.23671875 0.6875 0.0796875 0.04296875
6 0.88359375 0.07109375 0.08203125 0.0453125
6 0.32421875 0.74140625 0.08671875 0.040625
6 0.9484375 0.0796875 0.0625 0.03828125
6 0.49609375 0.81875 0.084375 0.0453125
6 0.415625 0.82109375 0.08671875 0.04296875
6 0.5765625 0.82109375 0.08671875 0.0453125
6 0.66484375 0.8234375 0.07421875 0.04296875
6 0.81875 0.828125 0.084375 0.03359375
6 0.740625 0.828125 0.0765625 0.040625
6 0.896875 0.8328125 0.08203125 0.0359375
6 0.046875 0.8765625 0.0796875 0.0359375
6 0.11875 0.88125 0.06484375 0.040625
6 0.1890625 0.884375 0.071875 0.03828125
6 0.39453125 0.0890625 0.08203125 0.03359375
6 0.2609375 0.89296875 0.09375 0.04296875
6 0.41328125 0.8953125 0.08203125 0.04296875
6 0.33671875 0.89765625 0.0765625 0.0359375
6 0.7359375 0.9 0.08671875 0.0453125
6 0.49140625 0.9015625 0.084375 0.04296875
6 0.5765625 0.90234375 0.08671875 0.0453125
6 0.6578125 0.90234375 0.0796875 0.040625
6 0.81640625 0.90234375 0.0796875 0.040625
6 0.89296875 0.90625 0.08203125 0.0484375
6 0.03828125 0.09609375 0.0765625 0.04296875
6 0.4984375 0.09765625 0.07421875 0.03359375
6 0.15625 0.10234375 0.071875 0.03125
6 0.9484375 0.18125 0.0890625 0.040625
6 0.85703125 0.18515625 0.0890625 0.04296875
6 0.771875 0.1890625 0.08671875 0.040625
6 0.04296875 0.19609375 0.0765625 0.03359375
6 0.1265625 0.196875 0.08203125 0.03828125
6 0.68125 0.21171875 0.084375 0.03359375
6 0.24296875 0.2140625 0.0765625 0.03359375
6 0.459375 0.21640625 0.071875 0.03359375
6 0.3109375 0.2171875 0.07421875 0.03828125
6 0.38359375 0.21875 0.07421875 0.04296875
6 0.540625 0.22578125 0.071875 0.03828125
6 0.609375 0.22578125 0.06484375 0.02890625
6 0.0453125 0.28359375 0.08671875 0.03828125
6 0.125 0.28359375 0.08671875 0.03828125
6 0.94609375 0.28515625 0.084375 0.03828125
6 0.853125 0.2859375 0.08671875 0.03828125
6 0.21171875 0.2859375 0.08203125 0.03828125
6 0.765625 0.2859375 0.084375 0.03359375
6 0.3125 0.2984375 0.0765625 0.03359375
6 0.45703125 0.29921875 0.0765625 0.02890625
6 0.3859375 0.29921875 0.06953125 0.0359375
6 0.60546875 0.30625 0.06953125 0.0265625
6 0.53359375 0.30859375 0.071875 0.03359375
6 0.3765625 0.41328125 0.0765625 0.03828125
6 0.59375 0.41328125 0.071875 0.03828125
6 0.4546875 0.41484375 0.0765625 0.04296875
6 0.8234375 0.41484375 0.0796875 0.040625
6 0.21875 0.41484375 0.0765625 0.040625
6 0.5265625 0.415625 0.07421875 0.04296875
6 0.6703125 0.415625 0.07421875 0.04296875
6 0.9015625 0.415625 0.08671875 0.03828125
6 0.7484375 0.4171875 0.0796875 0.04296875
6 0.78125 0.046875 0.08203125 0.0453125
6 0.696875 0.0484375 0.08671875 0.03828125
6 0.21875 0.4828125 0.0671875 0.03359375
6 0.3765625 0.490625 0.0796875 0.040625
6 0.146875 0.490625 0.0765625 0.03828125
6 0.30625 0.490625 0.0796875 0.03828125
6 0.4515625 0.49375 0.0765625 0.040625
6 0.66484375 0.4953125 0.06953125 0.03828125
6 0.5953125 0.4953125 0.06484375 0.0484375
6 0.525 0.49609375 0.071875 0.040625
6 0.74296875 0.49609375 0.0765625 0.040625
6 0.81953125 0.49609375 0.0765625 0.040625
6 0.084375 0.6046875 0.08203125 0.0359375
6 0.61171875 0.0625 0.084375 0.0484375