6 0.1984375 0.6875 0.04296875 0.021875
6 0.4109375 0.1203125 0.0484375 0.021875
6 0.2328125 0.12890625 0.03828125 0.021875
6 0.19375 0.12890625 0.0453125 0.021875
6 0.1546875 0.1296875 0.0453125 0.02421875
6 0.45078125 0.1859375 0.03359375 0.0171875
6 0.1984375 0.1875 0.05546875 0.02421875
6 0.4578125 0.225 0.05546875 0.021875
6 0.36640625 0.22734375 0.05078125 0.021875
6 0.40625 0.22734375 0.0484375 0.02421875
6 0.3234375 0.228125 0.0359375 0.02421875
6 0.28125 0.228125 0.04296875 0.01953125
6 0.2015625 0.228125 0.0484375 0.02421875
6 0.0484375 0.228125 0.04296875 0.02421875
6 0.23671875 0.2296875 0.0359375 0.021875
6 0.1546875 0.23203125 0.03828125 0.021875
6 0.0921875 0.29296875 0.0484375 0.0140625
6 0.16796875 0.29453125 0.0484375 0.021875
6 0.71640625 0.303125 0.05078125 0.02421875
6 0.94609375 0.303125 0.04296875 0.0265625
6 0.87890625 0.30546875 0.06015625 0.02890625
6 0.81484375 0.30546875 0.0578125 0.02890625
6 0.17421875 0.3265625 0.040625 0.01953125
6 0.0953125 0.3265625 0.053125 0.01953125
6 0.3296875 0.33515625 0.05546875 0.01953125
6 0.71015625 0.34609375 0.04296875 0.02421875
6 0.93125 0.3484375 0.0453125 0.02421875
6 0.86796875 0.35 0.0625 0.0265625
6 0.40390625 0.4046875 0.03828125 0.021875
6 0.103125 0.42421875 0.03359375 0.0171875
6 0.140625 0.42578125 0.0359375 0.01953125
6 0.2828125 0.43359375 0.04296875 0.0140625
6 0.88125 0.44453125 0.06953125 0.02890625
6 0.1234375 0.48203125 0.0359375 0.0171875
6 0.22265625 0.49140625 0.03125 0.0171875
6 0.2609375 0.49375 0.040625 0.0171875
6 0.14765625 0.571875 0.0453125 0.01953125