33 0.36171875 0.4171875 0.04375 0.11328125
33 0.59765625 0.43203125 0.10390625 0.15
33 0.509375 0.43671875 0.0734375 0.121875
13 0.35703125 0.559375 0.10859375 0.103125
13 0.56796875 0.5875 0.11328125 0.0890625
13 0.4546875 0.58828125 0.115625 0.11015625
13 0.6703125 0.6 0.10078125 0.10078125
13 0.76875 0.646875 0.12265625 0.1203125
13 0.6125 0.6796875 0.09921875 0.0921875
13 0.7015625 0.703125 0.1171875 0.0890625
33 0.2328125 0.2671875 0.06953125 0.0625
33 0.13203125 0.26875 0.07890625 0.059375
33 0.29921875 0.27109375 0.07109375 0.06015625