37 0.87265625 0.34375 0.1546875 0.11484375
15 0.68359375 0.346875 0.12265625 0.053125
21 0.1890625 0.36796875 0.07265625 0.0625
15 0.575 0.37578125 0.11171875 0.034375
15 0.4734375 0.3890625 0.09921875 0.05859375
21 0.103125 0.39921875 0.05859375 0.05859375
37 0.88359375 0.040625 0.125 0.08046875
33 0.2453125 0.46796875 0.1234375 0.09609375
15 0.66328125 0.47421875 0.1796875 0.071875
15 0.49453125 0.509375 0.1515625 0.06875
15 0.35234375 0.5296875 0.1 0.07265625
33 0.309375 0.5859375 0.11484375 0.10546875
15 0.58125 0.59453125 0.140625 0.0625
33 0.23046875 0.59765625 0.096875 0.10234375
33 0.090625 0.60390625 0.11953125 0.1015625
15 0.4453125 0.61953125 0.13671875 0.05625
15 0.41875 0.06796875 0.1 0.13203125
48 0.32265625 0.70546875 0.0609375 0.0515625
48 0.18828125 0.709375 0.078125 0.0546875
48 0.45234375 0.73046875 0.08125 0.090625
48 0.80078125 0.73125 0.1 0.09921875
48 0.39921875 0.746875 0.06328125 0.0578125
48 0.06640625 0.7609375 0.06484375 0.08203125
48 0.1546875 0.76328125 0.1140625 0.0671875
48 0.55390625 0.7640625 0.0765625 0.10078125
48 0.70546875 0.765625 0.0859375 0.11796875
48 0.59921875 0.76640625 0.09296875 0.103125
37 0.7796875 0.07734375 0.08828125 0.0875
48 0.74296875 0.77421875 0.0875 0.0984375
48 0.26171875 0.7796875 0.059375 0.06015625
48 0.37265625 0.78203125 0.06796875 0.05078125
15 0.34921875 0.10703125 0.0734375 0.09765625
15 0.25703125 0.14609375 0.065625 0.1046875
15 0.659375 0.171875 0.18671875 0.08046875
15 0.509375 0.1828125 0.13671875 0.1125
15 0.1875 0.184375 0.08125 0.09921875
37 0.8109375 0.2140625 0.1265625 0.07890625
15 0.41875 0.24765625 0.0890625 0.08828125
15 0.2625 0.309375 0.12734375 0.06796875