10 0.63046875 0.3484375 0.09296875 0.13671875
45 0.31015625 0.3515625 0.20234375 0.2171875
16 0.54609375 0.37421875 0.0875 0.13984375
10 0.45546875 0.38515625 0.1171875 0.16640625
45 0.12578125 0.39921875 0.2140625 0.25234375
16 0.603125 0.5265625 0.0875 0.12421875
33 0.325 0.57890625 0.15390625 0.2015625
10 0.4265625 0.58125 0.121875 0.16875
45 0.159375 0.628125 0.215625 0.20078125
16 0.63984375 0.68359375 0.12265625 0.14375
10 0.565625 0.7140625 0.1140625 0.18828125
47 0.38984375 0.76171875 0.2515625 0.23671875
47 0.228125 0.8390625 0.26484375 0.246875
45 0.28984375 0.08984375 0.1796875 0.1796875
45 0.10625 0.10234375 0.209375 0.2046875
10 0.8515625 0.14453125 0.08203125 0.1328125
10 0.775 0.153125 0.08203125 0.13671875
10 0.5859375 0.15546875 0.1140625 0.1640625
45 0.4390625 0.18515625 0.140625 0.1734375
11 0.79296875 0.31796875 0.10703125 0.12265625