18 0.7359375 0.41796875 0.25703125 0.23671875
18 0.5296875 0.48359375 0.2640625 0.21328125
18 0.32265625 0.5234375 0.24375 0.2
18 0.82734375 0.596875 0.20078125 0.08671875
18 0.48125 0.6828125 0.19296875 0.08671875
18 0.29921875 0.7265625 0.20234375 0.0796875
18 0.12265625 0.7734375 0.20234375 0.1
18 0.734375 0.7796875 0.2203125 0.10703125
18 0.534375 0.8203125 0.234375 0.13359375
18 0.31796875 0.875 0.24765625 0.1234375
18 0.109375 0.93203125 0.21796875 0.1296875
18 0.70234375 0.13671875 0.290625 0.2734375
18 0.4828125 0.203125 0.3171875 0.2796875
18 0.22578125 0.21796875 0.34375 0.3234375