34 0.45234375 0.03359375 0.2640625 0.0671875
34 0.82109375 0.3453125 0.1671875 0.22109375
34 0.93046875 0.35625 0.13828125 0.20625
34 0.4671875 0.3578125 0.27109375 0.115625
34 0.671875 0.365625 0.165625 0.215625
34 0.21171875 0.4203125 0.22265625 0.1234375
34 0.0515625 0.44140625 0.103125 0.11875
34 0.46875 0.534375 0.24453125 0.0640625
34 0.26640625 0.55625 0.1828125 0.075
34 0.08203125 0.56875 0.1640625 0.08125
34 0.9265625 0.58046875 0.14609375 0.19140625
34 0.79375 0.58359375 0.1484375 0.19765625
34 0.67421875 0.5875 0.1328125 0.2
34 0.48203125 0.5984375 0.23671875 0.06640625
34 0.25234375 0.65546875 0.20859375 0.125
34 0.07421875 0.66328125 0.1484375 0.11328125
34 0.47890625 0.6671875 0.2484375 0.08125
34 0.19609375 0.075 0.2203125 0.0796875
34 0.86015625 0.76796875 0.11875 0.1484375
34 0.65 0.77265625 0.12109375 0.13671875
34 0.75625 0.778125 0.11171875 0.14609375
34 0.54296875 0.7890625 0.11796875 0.140625
34 0.45 0.79140625 0.11171875 0.15625
34 0.2984375 0.79921875 0.184375 0.1453125
34 0.14140625 0.8328125 0.15234375 0.115625
34 0.70703125 0.084375 0.17890625 0.16875
34 0.86328125 0.08515625 0.18359375 0.1703125
34 0.46640625 0.08984375 0.275 0.04921875
34 0.9578125 0.92578125 0.0828125 0.11953125
34 0.50625 0.93828125 0.2109375 0.12265625
34 0.8125 0.9453125 0.1328125 0.10859375
34 0.47578125 0.14296875 0.31328125 0.06015625
34 0.178125 0.15703125 0.2640625 0.09609375
34 0.23359375 0.3203125 0.19296875 0.07109375