18 0.71796875 0.3359375 0.32734375 0.16484375
18 0.47421875 0.3453125 0.19921875 0.2046875
18 0.2703125 0.37890625 0.23203125 0.15859375
18 0.48203125 0.5328125 0.175 0.2125
18 0.31328125 0.55 0.17734375 0.19140625
18 0.15390625 0.57578125 0.18515625 0.1640625
18 0.50625 0.80703125 0.18359375 0.26640625
18 0.33984375 0.8296875 0.1765625 0.2390625
18 0.15 0.846875 0.19765625 0.26015625
18 0.49140625 0.10234375 0.27265625 0.2046875
18 0.2203125 0.11171875 0.23828125 0.22265625
18 0.78828125 0.11484375 0.375 0.18359375