27 0.63125 0.3765625 0.19765625 0.065625
27 0.4328125 0.39296875 0.18125 0.05625
27 0.22578125 0.403125 0.2046875 0.07578125
27 0.64453125 0.4578125 0.21484375 0.059375
27 0.4359375 0.46328125 0.2 0.06953125
27 0.21640625 0.475 0.2140625 0.05625
27 0.8875 0.48984375 0.22421875 0.06953125
27 0.2296875 0.52265625 0.20546875 0.0515625
27 0.63125 0.59609375 0.175 0.05859375
27 0.8296875 0.603125 0.1984375 0.05
27 0.4515625 0.60703125 0.18203125 0.04765625
27 0.07578125 0.6265625 0.1515625 0.04609375
27 0.6359375 0.646875 0.18046875 0.0671875
27 0.459375 0.65703125 0.175 0.0671875
27 0.08203125 0.67109375 0.1640625 0.04609375
27 0.275 0.69375 0.1890625 0.075
27 0.85 0.7046875 0.2125 0.1125
27 0.8609375 0.853125 0.19453125 0.07265625
27 0.66328125 0.8546875 0.18203125 0.065625
27 0.2765625 0.89765625 0.17109375 0.07578125
27 0.87578125 0.903125 0.240625 0.06328125
27 0.65546875 0.91953125 0.2125 0.0828125
27 0.25625 0.96171875 0.2046875 0.0765625
27 0.8828125 0.9625 0.234375 0.075
27 0.6515625 0.18203125 0.2453125 0.0640625
27 0.63984375 0.23671875 0.2359375 0.06640625
27 0.2078125 0.25625 0.2671875 0.07578125
27 0.796875 0.27578125 0.128125 0.08203125
27 0.928125 0.28125 0.125 0.071875
27 0.634375 0.284375 0.21484375 0.06171875
27 0.21796875 0.31171875 0.2640625 0.0625