34 0.31640625 0.3453125 0.12890625 0.109375
34 0.67890625 0.35234375 0.1015625 0.090625
34 0.175 0.35234375 0.15390625 0.0890625
34 0.88671875 0.35390625 0.10078125 0.08828125
34 0.45234375 0.3546875 0.12734375 0.11171875
34 0.57265625 0.359375 0.121875 0.10703125
34 0.78203125 0.36171875 0.09609375 0.08515625
34 0.85 0.459375 0.08828125 0.0703125
34 0.7578125 0.4671875 0.1078125 0.0703125
34 0.64921875 0.47578125 0.10625 0.0765625
34 0.3203125 0.478125 0.11796875 0.11171875
34 0.44765625 0.4796875 0.13671875 0.0796875
34 0.17265625 0.4890625 0.14921875 0.0875
34 0.64921875 0.56328125 0.0921875 0.10703125
34 0.54921875 0.56640625 0.115625 0.09765625
34 0.4359375 0.5734375 0.11328125 0.09375
34 0.3203125 0.5796875 0.12265625 0.09453125
34 0.18828125 0.59140625 0.15234375 0.0890625
34 0.70625 0.65078125 0.13984375 0.0953125
34 0.4890625 0.6734375 0.11484375 0.09609375
34 0.35546875 0.6890625 0.15234375 0.103125
34 0.1859375 0.7078125 0.17578125 0.0953125
34 0.175 0.21328125 0.16015625 0.1140625
34 0.32890625 0.2265625 0.14453125 0.1109375
34 0.46328125 0.2359375 0.128125 0.10390625
34 0.5828125 0.24375 0.134375 0.10546875
34 0.80390625 0.246875 0.09453125 0.09765625
34 0.703125 0.24765625 0.10625 0.0875
34 0.90390625 0.25859375 0.109375 0.0859375