55 0.19609375 0.3484375 0.1375 0.059375
48 0.0765625 0.49140625 0.11328125 0.0609375
48 0.18203125 0.50078125 0.08203125 0.0484375
48 0.14921875 0.5421875 0.11484375 0.0484375
10 0.0359375 0.6359375 0.06875 0.04921875
10 0.0359375 0.73515625 0.071875 0.0765625
10 0.18203125 0.7671875 0.075 0.0765625
16 0.325 0.80234375 0.1203125 0.1171875
10 0.209375 0.83046875 0.09609375 0.08671875
16 0.4609375 0.890625 0.1296875 0.1203125
16 0.3375 0.928125 0.14609375 0.14375
16 0.46953125 0.98125 0.15 0.03671875
55 0.1484375 0.290625 0.0953125 0.03515625
55 0.1703125 0.31015625 0.1125 0.03671875
55 0.053125 0.31328125 0.09296875 0.03671875
55 0.17578125 0.33046875 0.115625 0.04140625
55 0.06953125 0.33203125 0.0890625 0.04140625