15 0.55703125 0.346875 0.12578125 0.040625
15 0.6671875 0.359375 0.09375 0.040625
45 0.32109375 0.36484375 0.096875 0.11171875
15 0.45390625 0.365625 0.08671875 0.03828125
15 0.76796875 0.390625 0.13515625 0.0625
15 0.81640625 0.040625 0.15390625 0.08046875
15 0.709375 0.04453125 0.109375 0.08828125
45 0.1296875 0.4484375 0.0875 0.1046875
15 0.38828125 0.4515625 0.10390625 0.0625
37 0.9359375 0.45703125 0.128125 0.1375
45 0.253125 0.47578125 0.075 0.10859375
45 0.334375 0.49375 0.0921875 0.11640625
15 0.53046875 0.49375 0.13828125 0.0578125
15 0.68125 0.4953125 0.1609375 0.059375
15 0.61015625 0.053125 0.09765625 0.0953125
15 0.44765625 0.57578125 0.1109375 0.0578125
15 0.5734375 0.6 0.1203125 0.05859375
15 0.6734375 0.60078125 0.115625 0.07890625
15 0.5359375 0.06171875 0.08828125 0.1
15 0.79921875 0.63125 0.15234375 0.084375
37 0.92421875 0.70859375 0.0921875 0.09609375
15 0.42265625 0.0734375 0.06875 0.078125
15 0.353125 0.0875 0.05859375 0.07109375
37 0.88046875 0.88671875 0.0953125 0.071875
37 0.96015625 0.93046875 0.0796875 0.07109375
37 0.85234375 0.9421875 0.1109375 0.07890625
37 0.9515625 0.96875 0.0953125 0.06171875
37 0.94296875 0.1796875 0.109375 0.08828125
15 0.6390625 0.190625 0.10703125 0.065625
15 0.453125 0.19921875 0.06796875 0.04765625
15 0.55 0.19921875 0.0984375 0.03046875
15 0.3734375 0.20234375 0.0953125 0.0359375
21 0.140625 0.25234375 0.05703125 0.0515625
21 0.29921875 0.25234375 0.059375 0.053125
21 0.20703125 0.2546875 0.06953125 0.053125
21 0.0921875 0.25546875 0.046875 0.05546875
21 0.05 0.25546875 0.04765625 0.04375
37 0.93125 0.31640625 0.10546875 0.0890625