35 0.78984375 0.42109375 0.109375 0.16171875
35 0.93984375 0.44765625 0.11953125 0.16640625
35 0.0671875 0.4484375 0.12421875 0.153125
35 0.27109375 0.44921875 0.109375 0.1578125
35 0.48671875 0.44921875 0.1015625 0.16171875
35 0.59921875 0.4515625 0.103125 0.16171875
35 0.778125 0.62421875 0.1 0.12578125
35 0.196875 0.63046875 0.09921875 0.1453125
35 0.28046875 0.64140625 0.103125 0.1453125
35 0.09609375 0.6421875 0.11015625 0.14375
35 0.38203125 0.64453125 0.09921875 0.1453125
35 0.59296875 0.64609375 0.09765625 0.15234375
35 0.6953125 0.65 0.1015625 0.15390625
35 0.90703125 0.653125 0.1171875 0.15390625
35 0.4046875 0.79375 0.084375 0.09375
35 0.56328125 0.79609375 0.0828125 0.09140625
35 0.11875 0.81015625 0.0953125 0.13359375
35 0.20859375 0.8125 0.09296875 0.13515625
35 0.30234375 0.8140625 0.0953125 0.13828125
35 0.83984375 0.8265625 0.06171875 0.1375
35 0.659375 0.82890625 0.09765625 0.13671875
35 0.75859375 0.8328125 0.09765625 0.1453125
35 0.95234375 0.203125 0.09453125 0.184375
35 0.8484375 0.21015625 0.09453125 0.1828125
35 0.7546875 0.21328125 0.0921875 0.17734375
35 0.51953125 0.2171875 0.07265625 0.1734375
35 0.36328125 0.221875 0.08828125 0.17265625
35 0.09140625 0.221875 0.05703125 0.171875
35 0.0390625 0.22265625 0.075 0.17265625
35 0.28125 0.22421875 0.0875 0.171875
35 0.59453125 0.22578125 0.07578125 0.15390625
35 0.66796875 0.22578125 0.06171875 0.15390625