13 0.440625 0.4828125 0.21875 0.1796875
13 0.225 0.490625 0.22109375 0.175
13 0.6515625 0.5015625 0.18046875 0.20234375
13 0.83203125 0.50546875 0.22890625 0.190625
13 0.18203125 0.74921875 0.24140625 0.19921875
13 0.4109375 0.75546875 0.18515625 0.21796875
13 0.6125 0.76796875 0.21640625 0.221875
13 0.3609375 0.896875 0.20625 0.20625
13 0.74453125 0.91015625 0.20703125 0.1796875
13 0.54140625 0.91640625 0.20703125 0.16640625
13 0.19453125 0.91796875 0.16640625 0.15625
13 0.371875 0.10546875 0.215625 0.2109375
13 0.56328125 0.1125 0.2109375 0.225
13 0.18671875 0.11796875 0.196875 0.18203125
13 0.7734375 0.12578125 0.20390625 0.1859375