34 0.49921875 0.48515625 0.190625 0.0765625
34 0.3 0.50546875 0.20546875 0.09140625
34 0.09609375 0.55 0.18203125 0.096875
34 0.66328125 0.55859375 0.1859375 0.21015625
34 0.859375 0.56328125 0.2125 0.2203125
34 0.47109375 0.5859375 0.21875 0.13203125
34 0.51796875 0.753125 0.20859375 0.11015625
34 0.10703125 0.76796875 0.19375 0.11640625
34 0.30078125 0.7984375 0.196875 0.13671875
34 0.68203125 0.8265625 0.1734375 0.2
34 0.50234375 0.840625 0.1734375 0.11484375
34 0.865625 0.84921875 0.20078125 0.23203125
34 0.34296875 0.95 0.17578125 0.1
34 0.5234375 0.96015625 0.20234375 0.0796875
34 0.11953125 0.96015625 0.1890625 0.0796875
34 0.8796875 0.11484375 0.165625 0.10703125
34 0.28828125 0.1203125 0.16640625 0.08984375
34 0.42265625 0.13359375 0.15234375 0.06640625
34 0.5875 0.1359375 0.16328125 0.05859375
34 0.73984375 0.15234375 0.1359375 0.10859375
34 0.13515625 0.17421875 0.15 0.06484375
34 0.33515625 0.24140625 0.20390625 0.06328125
34 0.16484375 0.24921875 0.16875 0.06796875
34 0.903125 0.26953125 0.19296875 0.18515625
34 0.5 0.31171875 0.23203125 0.11640625
34 0.2828125 0.321875 0.21171875 0.08984375
34 0.09296875 0.32421875 0.17890625 0.0953125