37 0.51015625 0.353125 0.1015625 0.11484375
37 0.74375 0.40078125 0.109375 0.071875
37 0.48203125 0.04375 0.171875 0.0875
37 0.6296875 0.4796875 0.11875 0.08125
37 0.1765625 0.48828125 0.115625 0.096875
37 0.4375 0.52734375 0.109375 0.08203125
37 0.68359375 0.53203125 0.1171875 0.08203125
37 0.55703125 0.53671875 0.128125 0.090625
37 0.625 0.58125 0.1375 0.10390625
37 0.48203125 0.58671875 0.1265625 0.09765625
37 0.34453125 0.59296875 0.125 0.09765625
37 0.7953125 0.06171875 0.084375 0.08828125
37 0.55078125 0.6421875 0.1453125 0.10625
37 0.25078125 0.64921875 0.11875 0.11484375
37 0.39453125 0.65 0.14921875 0.11015625
37 0.46796875 0.7046875 0.1484375 0.125
37 0.284375 0.71328125 0.15390625 0.13125
37 0.29375 0.07578125 0.221875 0.1515625
37 0.3703125 0.784375 0.16640625 0.1359375
37 0.115625 0.11484375 0.23125 0.2296875
37 0.65234375 0.128125 0.10234375 0.10234375
37 0.49453125 0.20234375 0.11484375 0.13046875
37 0.78125 0.21015625 0.059375 0.0953125
37 0.3546875 0.23203125 0.115625 0.125
37 0.7171875 0.2375 0.059375 0.10078125
37 0.23828125 0.265625 0.15546875 0.125
37 0.6578125 0.275 0.084375 0.1