54 0.91484375 0.35546875 0.065625 0.05390625
54 0.75546875 0.3640625 0.06953125 0.05546875
54 0.65078125 0.36875 0.06328125 0.04453125
54 0.4546875 0.371875 0.09765625 0.0640625
54 0.553125 0.39453125 0.07890625 0.0453125
54 0.16328125 0.39921875 0.10625 0.0453125
54 0.45 0.4046875 0.075 0.05
54 0.37265625 0.40703125 0.0796875 0.04765625
54 0.08359375 0.40859375 0.0953125 0.040625
54 0.72109375 0.4515625 0.12109375 0.1
54 0.50625 0.47890625 0.1609375 0.08828125
54 0.903125 0.4921875 0.12890625 0.078125
54 0.371875 0.5015625 0.1546875 0.08671875
54 0.71640625 0.51484375 0.13515625 0.08046875
54 0.23828125 0.525 0.1625 0.0734375
54 0.60078125 0.525 0.140625 0.08046875
54 0.10546875 0.5484375 0.15546875 0.08671875
54 0.2515625 0.5828125 0.16875 0.08671875
54 0.63828125 0.64609375 0.08515625 0.109375
54 0.83515625 0.653125 0.0890625 0.11328125
54 0.56875 0.65703125 0.0796875 0.10625
54 0.73046875 0.6734375 0.0890625 0.11328125
54 0.34296875 0.703125 0.1078125 0.09609375
54 0.6578125 0.75546875 0.0890625 0.0921875
54 0.2703125 0.7640625 0.08984375 0.11796875
54 0.34765625 0.78203125 0.08828125 0.1109375
54 0.51640625 0.7875 0.1046875 0.11484375
54 0.43203125 0.80234375 0.09296875 0.115625
54 0.1328125 0.85 0.10390625 0.11640625
54 0.9125 0.1203125 0.0765625 0.0578125
54 0.89140625 0.16015625 0.08125 0.0640625
54 0.465625 0.1734375 0.08984375 0.05
54 0.6046875 0.175 0.09140625 0.05078125
54 0.0875 0.2015625 0.08984375 0.05703125
54 0.89140625 0.20234375 0.08515625 0.0515625
54 0.7203125 0.20390625 0.06953125 0.0578125
54 0.66875 0.2078125 0.06640625 0.059375
54 0.390625 0.21328125 0.0703125 0.05
54 0.59921875 0.215625 0.09765625 0.04765625
54 0.47109375 0.21796875 0.090625 0.05703125
54 0.32578125 0.221875 0.06328125 0.04609375
54 0.25390625 0.22421875 0.0828125 0.05546875
54 0.1765625 0.225 0.075 0.05078125
54 0.10859375 0.24296875 0.09609375 0.04609375
54 0.5421875 0.2578125 0.09609375 0.05625
54 0.40703125 0.2609375 0.07578125 0.059375
54 0.4703125 0.2625 0.06640625 0.05546875
54 0.10390625 0.2828125 0.08828125 0.05234375