34 0.7546875 0.33984375 0.13828125 0.09375
34 0.62578125 0.3421875 0.12109375 0.0984375
34 0.4953125 0.3515625 0.1296875 0.1
34 0.3546875 0.3578125 0.14140625 0.10234375
34 0.21796875 0.36328125 0.13046875 0.103125
34 0.88359375 0.43671875 0.1328125 0.09375
34 0.75234375 0.45546875 0.1265625 0.1046875
34 0.6265625 0.45703125 0.11796875 0.11015625
34 0.36484375 0.4609375 0.13203125 0.0953125
34 0.48984375 0.465625 0.125 0.090625
34 0.24375 0.47890625 0.1125 0.09453125
34 0.1328125 0.48515625 0.1203125 0.1
34 0.9046875 0.04921875 0.15078125 0.0984375
34 0.6328125 0.053125 0.134375 0.10546875
34 0.7609375 0.05390625 0.12734375 0.1078125
34 0.871875 0.5515625 0.11875 0.09609375
34 0.61640625 0.5609375 0.121875 0.09921875
34 0.746875 0.56796875 0.1390625 0.10703125
34 0.5 0.56953125 0.1359375 0.08828125
34 0.36796875 0.57890625 0.13828125 0.0984375
34 0.15234375 0.59296875 0.1125 0.109375
34 0.253125 0.59453125 0.10546875 0.11640625
34 0.50625 0.065625 0.1375 0.10703125
34 0.628125 0.671875 0.121875 0.08046875
34 0.7546875 0.67578125 0.11484375 0.09140625
34 0.37421875 0.69375 0.11640625 0.084375
34 0.50390625 0.69921875 0.12578125 0.08203125
34 0.24765625 0.709375 0.13828125 0.09140625
34 0.240625 0.07265625 0.15 0.109375
34 0.87109375 0.7671875 0.125 0.09765625
34 0.6328125 0.77265625 0.1046875 0.1015625
34 0.76171875 0.77890625 0.12109375 0.0875
34 0.38828125 0.7890625 0.13125 0.08125
34 0.51875 0.790625 0.13984375 0.0921875
34 0.7578125 0.19140625 0.14375 0.1125
34 0.8953125 0.19296875 0.13984375 0.0984375
34 0.6203125 0.19765625 0.1296875 0.10234375
34 0.4859375 0.21640625 0.16015625 0.10625
34 0.3390625 0.21953125 0.13671875 0.11875
34 0.20234375 0.228125 0.1390625 0.1125
34 0.07890625 0.2359375 0.1171875 0.12109375
34 0.88671875 0.32734375 0.13515625 0.0921875