36 0.1625 0.36171875 0.0953125 0.0703125
36 0.365625 0.36796875 0.1 0.06875
36 0.265625 0.36875 0.1078125 0.07109375
36 0.91875 0.3703125 0.128125 0.0796875
36 0.790625 0.37265625 0.12421875 0.075
36 0.66953125 0.3765625 0.1046875 0.08828125
36 0.121875 0.43046875 0.11171875 0.07578125
36 0.21796875 0.440625 0.11171875 0.0765625
36 0.31796875 0.44296875 0.11796875 0.0765625
36 0.5484375 0.44453125 0.1296875 0.090625
36 0.4296875 0.44453125 0.121875 0.08203125
36 0.090625 0.0453125 0.12265625 0.090625
36 0.78125 0.45546875 0.13671875 0.0953125
36 0.9234375 0.4578125 0.14765625 0.08359375
36 0.096875 0.5109375 0.1140625 0.08203125
36 0.19453125 0.51953125 0.12265625 0.08125
36 0.29453125 0.521875 0.12265625 0.08671875
36 0.40078125 0.52578125 0.12734375 0.08828125
36 0.51875 0.53359375 0.12265625 0.0953125
36 0.59296875 0.05390625 0.146875 0.1078125
36 0.646875 0.54140625 0.13125 0.09609375
36 0.7796875 0.546875 0.1328125 0.09921875
36 0.925 0.55234375 0.1484375 0.09921875
36 0.08046875 0.21328125 0.1015625 0.0921875
36 0.79921875 0.22265625 0.14296875 0.12890625
36 0.934375 0.2265625 0.13046875 0.12109375
36 0.6546875 0.2296875 0.1375 0.11640625
36 0.271875 0.234375 0.11015625 0.103125
36 0.38984375 0.23671875 0.140625 0.10234375