32 0.275 0.35234375 0.1859375 0.08828125
32 0.95703125 0.4046875 0.0859375 0.159375
32 0.853125 0.4140625 0.13515625 0.14375
32 0.07421875 0.41484375 0.08203125 0.075
32 0.63125 0.41953125 0.115625 0.13359375
32 0.7421875 0.421875 0.1359375 0.1328125
32 0.5484375 0.425 0.121875 0.12421875
32 0.20078125 0.434375 0.103125 0.10234375
32 0.125 0.4375 0.134375 0.09296875
32 0.48671875 0.07890625 0.17734375 0.15703125
32 0.3921875 0.08828125 0.190625 0.1765625
32 0.3203125 0.096875 0.18125 0.19296875
32 0.2453125 0.115625 0.19296875 0.21328125
32 0.18203125 0.12734375 0.1875 0.19140625
32 0.128125 0.1421875 0.16796875 0.17109375
32 0.496875 0.278125 0.09609375 0.125
32 0.871875 0.2859375 0.1296875 0.1234375
32 0.7515625 0.29765625 0.11640625 0.1109375
32 0.64765625 0.30625 0.0984375 0.10234375
32 0.55546875 0.3109375 0.0953125 0.1015625
32 0.36328125 0.315625 0.16796875 0.13671875