12 0.15390625 0.48515625 0.203125 0.2421875
12 0.3078125 0.4984375 0.14453125 0.22734375
12 0.42578125 0.5125 0.13359375 0.22734375
12 0.53828125 0.528125 0.14296875 0.22109375
12 0.11171875 0.71484375 0.165625 0.24375
12 0.2578125 0.74375 0.165625 0.275
12 0.38046875 0.74921875 0.16875 0.27890625
12 0.5 0.75234375 0.13828125 0.2296875
12 0.340625 0.08515625 0.140625 0.1703125
12 0.48515625 0.0921875 0.146875 0.18359375
12 0.19296875 0.26328125 0.175 0.2359375
12 0.32421875 0.2796875 0.12109375 0.246875
12 0.45234375 0.296875 0.13828125 0.2359375
12 0.571875 0.30859375 0.14296875 0.23046875