34 0.8671875 0.453125 0.2453125 0.146875
34 0.63828125 0.49765625 0.29296875 0.121875
34 0.359375 0.5390625 0.30390625 0.13203125
34 0.69375 0.60390625 0.29609375 0.11796875
34 0.4140625 0.62890625 0.309375 0.14140625
34 0.12578125 0.6984375 0.25078125 0.18046875
34 0.67265625 0.73203125 0.290625 0.1203125
34 0.8828125 0.78125 0.234375 0.2
34 0.40546875 0.81015625 0.290625 0.14765625
34 0.7046875 0.859375 0.27421875 0.15625
34 0.4484375 0.91328125 0.32578125 0.17265625
34 0.15078125 0.9296875 0.27109375 0.1390625
34 0.80234375 0.165625 0.27265625 0.10546875
34 0.87265625 0.2546875 0.25390625 0.1296875
34 0.39765625 0.2578125 0.22109375 0.23671875
34 0.54140625 0.28203125 0.1515625 0.18125
34 0.68046875 0.28203125 0.2 0.184375