44 0.665625 0.36328125 0.17734375 0.16640625
7 0.27109375 0.4765625 0.19296875 0.1734375
44 0.865625 0.5015625 0.2109375 0.1765625
7 0.490625 0.51640625 0.19375 0.19296875
44 0.67265625 0.5234375 0.1625 0.13984375
7 0.54296875 0.66171875 0.22421875 0.21640625
7 0.27109375 0.6796875 0.21953125 0.21328125
44 0.70078125 0.68515625 0.134375 0.16328125
44 0.8671875 0.69296875 0.17890625 0.159375
44 0.70234375 0.88828125 0.16875 0.21015625
44 0.89140625 0.89296875 0.215625 0.21328125
7 0.26953125 0.89453125 0.203125 0.209375
7 0.49296875 0.8984375 0.23125 0.203125
7 0.47421875 0.14296875 0.18046875 0.18671875
7 0.29296875 0.1453125 0.1640625 0.15703125
44 0.82578125 0.16796875 0.17734375 0.15
44 0.6546875 0.175 0.1671875 0.16328125
7 0.284375 0.3046875 0.17421875 0.16328125
44 0.84765625 0.328125 0.19453125 0.15
7 0.48125 0.3296875 0.18046875 0.16015625