33 0.603125 0.4234375 0.1703125 0.1578125
33 0.1203125 0.42421875 0.1875 0.20859375
33 0.32578125 0.4421875 0.2109375 0.20390625
33 0.87265625 0.44453125 0.25390625 0.20546875
33 0.43359375 0.58671875 0.2015625 0.1515625
33 0.6234375 0.59453125 0.2 0.2015625
33 0.26328125 0.6015625 0.171875 0.16640625
33 0.84453125 0.615625 0.21328125 0.21015625
33 0.91171875 0.0828125 0.1765625 0.165625
33 0.659375 0.08671875 0.309375 0.1734375
33 0.34375 0.0890625 0.3078125 0.178125
33 0.11171875 0.090625 0.22265625 0.18046875