37 0.11015625 0.52109375 0.1578125 0.16328125
37 0.45 0.52578125 0.16484375 0.165625
37 0.26171875 0.5265625 0.15703125 0.1578125
37 0.6265625 0.53203125 0.18671875 0.184375
37 0.82578125 0.534375 0.19765625 0.20078125
37 0.1375 0.6703125 0.0953125 0.0890625
37 0.43046875 0.7109375 0.1171875 0.10546875
37 0.5375 0.7203125 0.1171875 0.125
37 0.84765625 0.7328125 0.146875 0.1171875
37 0.08203125 0.7875 0.0859375 0.08359375
37 0.24375 0.83984375 0.10078125 0.10390625
37 0.35625 0.85 0.1046875 0.090625
37 0.58203125 0.8765625 0.12109375 0.11796875
37 0.7046875 0.88515625 0.12734375 0.1125
37 0.82578125 0.9078125 0.13671875 0.11015625
37 0.68203125 0.10703125 0.184375 0.11875
37 0.521875 0.11328125 0.13671875 0.11875
37 0.39921875 0.12265625 0.11015625 0.12265625
37 0.2953125 0.128125 0.1390625 0.13671875
37 0.37421875 0.3296875 0.121875 0.0984375
37 0.50390625 0.33046875 0.125 0.10859375