32 0.22109375 0.33359375 0.140625 0.18671875
32 0.95703125 0.3453125 0.08515625 0.1234375
32 0.85078125 0.3546875 0.140625 0.1234375
32 0.72734375 0.36328125 0.140625 0.10703125
32 0.3328125 0.3703125 0.1359375 0.10703125
32 0.59921875 0.371875 0.12265625 0.096875
32 0.47109375 0.3734375 0.1328125 0.10703125
32 0.87109375 0.475 0.134375 0.13671875
32 0.74609375 0.49296875 0.14375 0.146875
32 0.47265625 0.5 0.12265625 0.153125
32 0.6109375 0.5015625 0.1203125 0.13671875
32 0.34765625 0.51796875 0.140625 0.14296875
32 0.20234375 0.5265625 0.1296875 0.1265625
32 0.07421875 0.5296875 0.1328125 0.13984375
32 0.78359375 0.0796875 0.1546875 0.159375
32 0.640625 0.08203125 0.14765625 0.16328125
32 0.47578125 0.08671875 0.13046875 0.1734375
32 0.33203125 0.09140625 0.1765625 0.1828125
32 0.1765625 0.09296875 0.175 0.1859375
32 0.93984375 0.24375 0.11953125 0.1203125
32 0.82734375 0.2453125 0.12109375 0.103125
32 0.465625 0.26015625 0.109375 0.10703125
32 0.59296875 0.26640625 0.09765625 0.1
32 0.340625 0.275 0.1125 0.096875