34 0.0953125 0.459375 0.11484375 0.1390625
34 0.20859375 0.496875 0.14140625 0.1796875
34 0.375 0.54296875 0.18046875 0.11171875
34 0.83359375 0.55 0.33203125 0.19296875
34 0.57890625 0.5609375 0.21484375 0.1421875
34 0.1875 0.64765625 0.1046875 0.08828125
34 0.33359375 0.6703125 0.171875 0.09375
34 0.16640625 0.72890625 0.11015625 0.078125
34 0.59375 0.73828125 0.2046875 0.1765625
34 0.8859375 0.74765625 0.11640625 0.17578125
34 0.76796875 0.7484375 0.13359375 0.18359375
34 0.18828125 0.8453125 0.19375 0.096875
34 0.40078125 0.88828125 0.2 0.16953125
34 0.83203125 0.9296875 0.33515625 0.13984375
34 0.18671875 0.175 0.16328125 0.115625
34 0.8625 0.21875 0.275 0.1171875
34 0.36640625 0.2953125 0.196875 0.11640625
34 0.58046875 0.29765625 0.21796875 0.121875
34 0.83515625 0.30546875 0.328125 0.090625