54 0.33125 0.36640625 0.10390625 0.13671875
54 0.12734375 0.41640625 0.13515625 0.13046875
54 0.9515625 0.05546875 0.09609375 0.084375
34 0.703125 0.6015625 0.59296875 0.55703125
54 0.85546875 0.071875 0.11171875 0.08203125
54 0.73828125 0.075 0.10859375 0.08359375
54 0.63203125 0.14296875 0.10859375 0.15703125
54 0.38828125 0.16796875 0.1 0.0734375
54 0.90234375 0.18828125 0.13203125 0.16484375
54 0.7828125 0.19296875 0.1234375 0.165625
54 0.67265625 0.2234375 0.12265625 0.165625
54 0.08046875 0.25859375 0.1296875 0.15234375
54 0.3265625 0.25859375 0.09921875 0.075
54 0.440625 0.26953125 0.115625 0.1546875
54 0.20703125 0.31953125 0.14296875 0.1625