42 0.38828125 0.33203125 0.09765625 0.10625
42 0.04453125 0.3703125 0.08359375 0.1265625
42 0.284375 0.3703125 0.103125 0.09765625
42 0.06328125 0.47578125 0.1203125 0.10078125
42 0.17265625 0.47578125 0.11484375 0.10625
42 0.05 0.5828125 0.1 0.115625
42 0.19140625 0.63515625 0.13515625 0.09765625
42 0.1203125 0.753125 0.1203125 0.1265625
42 0.32890625 0.1640625 0.11171875 0.1265625
42 0.08203125 0.17265625 0.1296875 0.0859375
42 0.25 0.246875 0.109375 0.11484375
42 0.15234375 0.27890625 0.11484375 0.109375