38 0.4078125 0.32890625 0.1203125 0.11796875
38 0.1796875 0.3703125 0.140625 0.1265625
38 0.70859375 0.371875 0.13515625 0.11171875
38 0.50546875 0.4640625 0.13203125 0.140625
38 0.36328125 0.47109375 0.140625 0.13203125
38 0.86953125 0.49453125 0.1296875 0.13828125
38 0.5703125 0.5703125 0.140625 0.146875
38 0.16953125 0.5890625 0.1203125 0.14375
38 0.76171875 0.81484375 0.1609375 0.1578125
38 0.41796875 0.890625 0.175 0.18984375
38 0.34921875 0.18515625 0.13515625 0.1296875
38 0.5703125 0.21875 0.146875 0.15546875
38 0.125 0.24453125 0.146875 0.14375