23 0.20078125 0.4703125 0.26953125 0.21640625
23 0.46640625 0.48046875 0.271875 0.18515625
23 0.73203125 0.5046875 0.25234375 0.18515625
23 0.9265625 0.484375 0.146875 0.22109375
23 0.10546875 0.24765625 0.2109375 0.1078125
23 0.3328125 0.25390625 0.21875 0.09375
23 0.51328125 0.32421875 0.1875 0.09140625
23 0.71171875 0.32421875 0.21875 0.115625
23 0.8890625 0.31875 0.21875 0.13671875
23 0.109375 0.34609375 0.1921875 0.071875
23 0.296875 0.34140625 0.18046875 0.0796875
23 0.49375 0.384375 0.178125 0.0484375