23 0.17578125 0.0953125 0.21640625 0.18984375
23 0.09375 0.334375 0.1734375 0.3484375
23 0.2359375 0.3421875 0.16796875 0.31484375
23 0.43359375 0.32109375 0.26171875 0.3484375
23 0.7015625 0.428125 0.196875 0.34375
23 0.89453125 0.1265625 0.209375 0.25234375
23 0.92578125 0.5359375 0.146875 0.32421875
23 0.0609375 0.74609375 0.115625 0.34609375
23 0.165625 0.73828125 0.18046875 0.34609375
23 0.36875 0.7875 0.1828125 0.321875
23 0.5578125 0.77734375 0.18515625 0.31484375
23 0.740625 0.74140625 0.19453125 0.384375
23 0.91328125 0.85546875 0.1703125 0.28359375