23 0.1515625 0.2171875 0.10546875 0.15390625
23 0.25390625 0.2140625 0.1109375 0.15390625
23 0.3578125 0.2140625 0.103125 0.15390625
23 0.56484375 0.2015625 0.10546875 0.16796875
23 0.65859375 0.20546875 0.1109375 0.15390625
23 0.7671875 0.2015625 0.10078125 0.16328125
23 0.1546875 0.396875 0.1078125 0.146875
23 0.2671875 0.39765625 0.1109375 0.14453125
23 0.36640625 0.3953125 0.103125 0.1421875
23 0.46015625 0.390625 0.10546875 0.15390625
23 0.5609375 0.38671875 0.09140625 0.15859375
23 0.66015625 0.38203125 0.10078125 0.15859375
23 0.76328125 0.38125 0.11328125 0.15859375
23 0.1765625 0.57421875 0.1078125 0.1390625
23 0.27421875 0.5671875 0.09140625 0.14921875
23 0.37265625 0.56640625 0.10078125 0.14921875
23 0.4671875 0.56640625 0.10078125 0.1515625
23 0.5609375 0.5671875 0.1078125 0.14453125
23 0.6578125 0.56640625 0.103125 0.146875
23 0.75859375 0.55859375 0.10546875 0.16328125
23 0.2046875 0.728125 0.09375 0.13671875
23 0.29453125 0.72578125 0.09375 0.134375
23 0.38828125 0.72109375 0.103125 0.15390625
23 0.4796875 0.7203125 0.09609375 0.15859375
23 0.578125 0.72109375 0.10078125 0.15390625
23 0.6765625 0.7234375 0.103125 0.14921875
23 0.77265625 0.72109375 0.10546875 0.146875
23 0.20703125 0.8765625 0.09375 0.1515625
23 0.2953125 0.88125 0.10078125 0.13671875
23 0.39296875 0.88203125 0.09375 0.14453125
23 0.57421875 0.8765625 0.09609375 0.1421875
23 0.6671875 0.87109375 0.103125 0.1421875
23 0.7609375 0.87265625 0.103125 0.14453125
23 0.48203125 0.875 0.103125 0.146875