23 0.9203125 0.12890625 0.09609375 0.1390625
23 0.7078125 0.32421875 0.07421875 0.15859375
23 0.790625 0.31640625 0.0984375 0.1609375
23 0.91328125 0.31875 0.103125 0.15625
23 0.7203125 0.4953125 0.08203125 0.1421875
23 0.89921875 0.50703125 0.10546875 0.18046875
23 0.75859375 0.6671875 0.09375 0.1609375
23 0.85546875 0.6921875 0.0984375 0.16328125
23 0.95390625 0.6953125 0.0921875 0.1625
23 0.74375 0.8859375 0.1109375 0.1734375
23 0.80546875 0.5046875 0.08203125 0.14453125
23 0.85703125 0.89765625 0.11796875 0.1921875
23 0.95546875 0.91796875 0.084375 0.15859375