23 0.21640625 0.171875 0.10078125 0.16328125
23 0.11796875 0.1703125 0.0984375 0.165625
23 0.0375 0.17578125 0.07421875 0.15625
23 0.28515625 0.3578125 0.07421875 0.15390625
23 0.20546875 0.3546875 0.09140625 0.14453125
23 0.1140625 0.353125 0.09609375 0.1515625
23 0.03828125 0.3484375 0.0765625 0.15859375
23 0.30078125 0.5109375 0.08203125 0.125
23 0.21171875 0.509375 0.08671875 0.1296875
23 0.1296875 0.50703125 0.08203125 0.12734375
23 0.0484375 0.50390625 0.08671875 0.12265625
23 0.2953125 0.51328125 0.08203125 0.12265625
23 0.2765625 0.64765625 0.0890625 0.12265625
23 0.19375 0.6453125 0.0765625 0.1203125
23 0.1109375 0.63828125 0.0796875 0.12265625
23 0.03828125 0.63828125 0.0765625 0.12265625