23 0.58671875 0.38671875 0.06953125 0.2453125
23 0.65 0.39296875 0.06484375 0.22109375
23 0.6078125 0.61328125 0.05546875 0.13203125
23 0.65625 0.60703125 0.06015625 0.12734375
23 0.71640625 0.60546875 0.05546875 0.11328125
23 0.56484375 0.83203125 0.0625 0.0890625
23 0.5828125 0.884375 0.05546875 0.040625
23 0.6265625 0.8421875 0.06484375 0.06484375
23 0.68046875 0.775 0.0484375 0.1390625
23 0.72734375 0.771875 0.040625 0.10546875
23 0.7640625 0.7765625 0.06015625 0.08671875
23 0.69921875 0.9375 0.0578125 0.125
23 0.7453125 0.92578125 0.084375 0.1078125