23 0.08671875 0.13125 0.1734375 0.26171875
23 0.26796875 0.1359375 0.165625 0.271875
23 0.428125 0.14453125 0.1515625 0.26953125
23 0.58046875 0.14765625 0.15625 0.25703125
23 0.7296875 0.14765625 0.15625 0.25703125
23 0.10234375 0.40390625 0.16328125 0.22109375
23 0.25 0.40390625 0.134375 0.22109375
23 0.53359375 0.4015625 0.1421875 0.20703125
23 0.671875 0.40234375 0.125 0.20703125
23 0.1265625 0.625 0.13671875 0.1921875
23 0.259375 0.62734375 0.1296875 0.1734375
23 0.38828125 0.62265625 0.12734375 0.1734375
23 0.5140625 0.61796875 0.125 0.1734375
23 0.6359375 0.62109375 0.11796875 0.1734375
23 0.61796875 0.77890625 0.103125 0.134375
23 0.5015625 0.78515625 0.11796875 0.13203125
23 0.3890625 0.79296875 0.1078125 0.125
23 0.3234375 0.88671875 0.134375 0.1734375
23 0.19609375 0.8921875 0.14921875 0.1734375