23 0.18515625 0.4078125 0.16328125 0.17578125
23 0.35234375 0.39921875 0.18984375 0.178125
23 0.14921875 0.21171875 0.17578125 0.2140625
23 0.359375 0.4 0.1875 0.17578125
23 0.30859375 0.203125 0.22578125 0.2140625
23 0.5578125 0.41015625 0.18515625 0.1734375
23 0.74765625 0.4 0.20703125 0.1734375
23 0.56015625 0.2015625 0.20703125 0.2328125
23 0.76796875 0.20078125 0.228125 0.2328125
23 0.33671875 0.0578125 0.228125 0.0578125
23 0.5640625 0.06484375 0.22578125 0.0625
23 0.77734375 0.06015625 0.22578125 0.0671875