23 0.6765625 0.0984375 0.12265625 0.196875
23 0.6109375 0.29921875 0.10078125 0.2015625
23 0.71640625 0.2921875 0.12734375 0.2046875
23 0.85234375 0.28828125 0.12265625 0.18515625
23 0.68125 0.67578125 0.12265625 0.18515625
23 0.81953125 0.6359375 0.1203125 0.16796875
23 0.85078125 0.8015625 0.09609375 0.1609375
23 0.80625 0.94375 0.10546875 0.1109375
23 0.68359375 0.87734375 0.0796875 0.2140625
23 0.615625 0.8734375 0.06953125 0.196875
23 0.14453125 0.775 0.12734375 0.24296875
23 0.2703125 0.740625 0.0765625 0.22578125
23 0.34609375 0.7515625 0.07421875 0.19921875