23 0.08515625 0.28125 0.1703125 0.3578125
23 0.27734375 0.28359375 0.24296875 0.3578125
23 0.5484375 0.2453125 0.24765625 0.3578125
23 0.7953125 0.25390625 0.23046875 0.375
23 0.1046875 0.6359375 0.2015625 0.23046875
23 0.29921875 0.61875 0.196875 0.25703125
23 0.49296875 0.6734375 0.18984375 0.14453125
23 0.6890625 0.65 0.18984375 0.1734375
23 0.8640625 0.59609375 0.1921875 0.271875
23 0.19609375 0.865625 0.1703125 0.17578125
23 0.384375 0.8703125 0.1828125 0.16328125
23 0.56875 0.8578125 0.18515625 0.165625
23 0.7546875 0.8546875 0.16796875 0.165625
23 0.91796875 0.85078125 0.15859375 0.178125