23 0.109375 0.43515625 0.21875 0.2046875
23 0.6109375 0.41484375 0.21171875 0.21171875
23 0.115625 0.6 0.22578125 0.13203125
23 0.3234375 0.609375 0.21171875 0.2046875
23 0.59609375 0.5578125 0.21171875 0.0796875
23 0.59375 0.6140625 0.196875 0.05078125
23 0.5921875 0.65390625 0.19921875 0.040625
23 0.75234375 0.6046875 0.1421875 0.18984375
23 0.8921875 0.6140625 0.12265625 0.1734375
23 0.96875 0.5890625 0.0625 0.1734375
23 0.3265625 0.74140625 0.2234375 0.071875
23 0.72734375 0.78359375 0.09609375 0.16796875
23 0.9640625 0.78359375 0.06953125 0.16328125