23 0.2078125 0.12265625 0.165625 0.2453125
23 0.3921875 0.125 0.17578125 0.25
23 0.5765625 0.12890625 0.18515625 0.2546875
23 0.7671875 0.12890625 0.1921875 0.2546875
23 0.14765625 0.390625 0.165625 0.290625
23 0.34765625 0.39453125 0.1875 0.29296875
23 0.540625 0.4 0.18984375 0.29296875
23 0.73671875 0.41015625 0.20703125 0.31015625
23 0.1828125 0.66953125 0.15625 0.2640625
23 0.3234375 0.678125 0.12265625 0.27890625
23 0.73203125 0.7078125 0.165625 0.290625
23 0.90625 0.7171875 0.18515625 0.30078125
23 0.915625 0.41015625 0.16328125 0.32421875