23 0.3734375 0.1546875 0.1875 0.309375
23 0.5140625 0.1203125 0.14453125 0.240625
23 0.665625 0.14765625 0.20703125 0.2953125
23 0.35703125 0.55859375 0.18046875 0.22109375
23 0.58046875 0.54921875 0.2015625 0.20703125
23 0.85234375 0.58515625 0.21640625 0.271875
23 0.71640625 0.428125 0.12734375 0.25
23 0.3578125 0.88125 0.2046875 0.178125
23 0.5375 0.9046875 0.18984375 0.15390625
23 0.728125 0.928125 0.19453125 0.1390625
23 0.09140625 0.0890625 0.1828125 0.178125
23 0.22578125 0.078125 0.134375 0.15625