23 0.1046875 0.16015625 0.209375 0.31953125
23 0.33046875 0.1609375 0.28125 0.321875
23 0.61328125 0.1609375 0.2640625 0.3125
23 0.87265625 0.165625 0.25234375 0.303125
23 0.10703125 0.46015625 0.2140625 0.26171875
23 0.34375 0.46015625 0.26171875 0.2671875
23 0.609375 0.45078125 0.25234375 0.26953125
23 0.859375 0.459375 0.2453125 0.259375
23 0.08984375 0.70625 0.1796875 0.2625
23 0.85078125 0.69609375 0.2359375 0.24296875
23 0.11796875 0.91484375 0.2359375 0.16796875
23 0.3578125 0.9125 0.23828125 0.1734375
23 0.59296875 0.90703125 0.2296875 0.1859375
23 0.8234375 0.90234375 0.2234375 0.19453125